1 0 0 0 0 1 0 0 0 0 1 0 
0.999999 0.000791484 0.00109328 0.00138818 -0.000786687 0.99999 -0.00438127 -0.00752563 -0.00109673 0.0043804 0.99999 0.961898 
0.999994 -0.00235276 0.00246898 -0.00431461 0.00236354 0.999988 -0.00437232 -0.0166373 -0.00245866 0.00437813 0.999987 1.92516 
0.999984 -0.00526388 0.00220003 -0.0107541 0.00526348 0.999986 0.000185824 -0.0238835 -0.00220098 -0.000174241 0.999998 2.88886 
0.999969 -0.00746316 0.00243031 -0.0201677 0.00744659 0.999949 0.00675695 -0.0309288 -0.00248061 -0.00673865 0.999974 3.84966 
0.999933 -0.011501 0.0010012 -0.0165935 0.0114937 0.99991 0.00698598 -0.0237708 -0.00108145 -0.00697401 0.999975 4.8083 
0.999889 -0.014928 0.000140442 -0.0143567 0.0149271 0.999877 0.00476614 -0.0230692 -0.000211574 -0.00476351 0.999989 5.74104 
0.999886 -0.0150834 -0.000639982 -0.0120566 0.0150845 0.999885 0.00169586 -0.0270188 0.000614328 -0.00170532 0.999998 6.67857 
0.999895 -0.0142642 -0.00247106 0.0309714 0.0142666 0.999898 0.000962797 -0.0193837 0.00245707 -0.00099795 0.999996 7.60752 
0.99988 -0.0148998 -0.00415513 0.0369859 0.014912 0.999885 0.00292283 -0.0273836 0.0041111 -0.00298444 0.999987 8.53694 
0.999865 -0.015967 -0.00394135 -0.00387816 0.0159906 0.999854 0.0060245 -0.0246745 0.00384458 -0.00608671 0.999974 9.46654 
0.99986 -0.0163224 -0.0035814 -0.0289066 0.016348 0.99984 0.00724668 -0.019934 0.00346254 -0.00730422 0.999967 10.3894 
0.999824 -0.0180545 -0.00504932 -0.0178396 0.0180935 0.999806 0.00778721 -0.0082371 0.00490775 -0.0078772 0.999957 11.34 
0.999815 -0.0185677 -0.00509767 -0.0414304 0.0186078 0.999795 0.00793493 -0.0012689 0.00494929 -0.00802832 0.999956 12.2238 
0.999797 -0.0192207 -0.00603542 -0.0549322 0.019257 0.999797 0.00600393 0.0128584 0.0059188 -0.00611894 0.999964 13.1337 
0.999781 -0.0181754 -0.0103844 0.0124422 0.0182049 0.99983 0.00274908 0.0424484 0.0103326 -0.00293752 0.999942 14.0393 
0.999746 -0.0197121 -0.010898 -0.0247999 0.0197263 0.999805 0.00119802 0.0496863 0.0108722 -0.00141269 0.99994 14.9429 
0.999731 -0.0197175 -0.0121983 -0.0494538 0.01975 0.999802 0.00254713 0.0196979 0.0121456 -0.00278736 0.999922 15.843 
0.999764 -0.0171997 -0.0132915 -0.0818338 0.017213 0.999851 0.00088927 0.0422705 0.0132742 -0.00111785 0.999911 16.7393 
0.999774 -0.0164652 -0.0134251 -0.133982 0.0164922 0.999862 0.00190379 0.0292712 0.0133919 -0.00212477 0.999908 17.6296 
0.999723 -0.0168904 -0.0163662 -0.103593 0.0169364 0.999853 0.00267957 0.0323574 0.0163186 -0.00295602 0.999862 18.5213 
0.999732 -0.0160517 -0.0166986 -0.135599 0.0161186 0.999863 0.00387877 0.0362839 0.0166341 -0.00414689 0.999853 19.4083 
0.999725 -0.014933 -0.0181061 -0.151427 0.0150102 0.999879 0.0041368 0.0419897 0.0180421 -0.00440744 0.999828 20.2891 
0.999652 -0.0167955 -0.020344 -0.161763 0.0168642 0.999853 0.0032093 0.0516582 0.0202871 -0.00355127 0.999788 21.1633 
0.999617 -0.0170937 -0.0217739 -0.181323 0.0171885 0.999844 0.00417471 0.0383387 0.0216991 -0.00454737 0.999754 22.0322 
0.999566 -0.0177998 -0.0234691 -0.196338 0.0179165 0.999828 0.00476887 0.0387643 0.0233802 -0.00518729 0.999713 22.8953 
0.999549 -0.017177 -0.0246312 -0.216293 0.0173356 0.99983 0.00624076 0.0463111 0.0245198 -0.00666495 0.999677 23.7521 
0.99951 -0.0180396 -0.0255939 -0.237348 0.0182808 0.99979 0.00922436 0.0458449 0.0254221 -0.00968772 0.99963 24.6097 
0.999485 -0.0180246 -0.02656 -0.254969 0.0183154 0.999775 0.010745 0.0516634 0.0263604 -0.0112259 0.999589 25.4365 
0.999486 -0.0175126 -0.026859 -0.287716 0.0177712 0.999798 0.00942004 0.0581002 0.0266886 -0.00989251 0.999595 26.2601 
0.999472 -0.0155704 -0.0285332 -0.306317 0.0157612 0.999855 0.00647543 0.0670286 0.0284282 -0.00692172 0.999572 27.0743 
0.999439 -0.0155726 -0.0296473 -0.325458 0.0157319 0.999863 0.00514585 0.0652859 0.0295631 -0.00560937 0.999547 27.871 
0.999423 -0.0146942 -0.0306289 -0.355688 0.0148414 0.999879 0.00458221 0.0729054 0.0305579 -0.00503414 0.99952 28.6633 
0.999381 -0.0148969 -0.0318777 -0.389422 0.0150359 0.999878 0.00412524 0.0735428 0.0318124 -0.00460199 0.999483 29.4481 
0.99938 -0.0129702 -0.0327424 -0.425917 0.0130834 0.999909 0.00324565 0.0715642 0.0326973 -0.00367201 0.999459 30.2195 
0.999325 -0.012716 -0.0344659 -0.457079 0.012837 0.999912 0.00329179 0.0752897 0.034421 -0.00373201 0.9994 30.9859 
0.999269 -0.0124021 -0.0361738 -0.487977 0.0125642 0.999912 0.00425745 0.0783129 0.0361178 -0.00470883 0.999336 31.7458 
0.99918 -0.013126 -0.0382932 -0.514716 0.0133835 0.999889 0.00647514 0.0873323 0.0382039 -0.00698233 0.999246 32.4899 
0.999159 -0.0116721 -0.0393128 -0.564246 0.0120098 0.999893 0.0083631 0.083522 0.0392109 -0.0088282 0.999192 33.2264 
0.999127 -0.00884448 -0.0408177 -0.613085 0.00920082 0.999921 0.00855044 0.0928731 0.0407389 -0.00891853 0.99913 33.9531 
0.999085 -0.00577296 -0.042383 -0.653975 0.00615562 0.999941 0.00890362 0.0827295 0.0423291 -0.00915637 0.999062 34.6943 
0.999037 -0.00381297 -0.0437145 -0.692796 0.00420021 0.999953 0.00877001 0.0799725 0.043679 -0.00894517 0.999006 35.3839 
0.998968 -0.00288148 -0.0453193 -0.729944 0.00331056 0.99995 0.00939583 0.0939328 0.0452899 -0.00953617 0.998928 36.0763 
0.998945 -0.00158876 -0.0458866 -0.786782 0.00211167 0.999933 0.0113494 0.0988582 0.0458655 -0.0114343 0.998882 36.7626 
0.998877 0.00177128 -0.0473492 -0.807396 -0.00123145 0.999934 0.0114279 0.10587 0.0473663 -0.0113567 0.998813 37.4392 
0.998966 0.00481396 -0.0452167 -0.858135 -0.00442656 0.999953 0.0086638 0.123061 0.0452562 -0.00845468 0.99894 38.1002 
0.999022 0.00604754 -0.0437918 -0.879384 -0.00579861 0.999966 0.00580903 0.127851 0.0438255 -0.00554942 0.999024 38.7529 
0.999112 0.00640791 -0.0416352 -0.912031 -0.0062467 0.999972 0.00400095 0.135967 0.0416597 -0.00373731 0.999125 39.3898 
0.999269 0.00658546 -0.0376661 -0.946858 -0.00641318 0.999968 0.00469299 0.144911 0.0376959 -0.00444799 0.999279 40.0263 
0.999353 0.0103716 -0.0344285 -0.980935 -0.0100838 0.999913 0.00852249 0.130995 0.0345139 -0.00816981 0.999371 40.6754 
0.9994 0.0155636 -0.0309579 -1.0035 -0.0152063 0.999815 0.0117458 0.128667 0.031135 -0.011268 0.999452 41.2809 
0.999424 0.019362 -0.0278805 -1.0087 -0.0189916 0.999729 0.0134875 0.118994 0.0281341 -0.0129503 0.99952 41.8801 
0.999476 0.023574 -0.0221699 -1.02778 -0.0232631 0.999629 0.0141785 0.120231 0.0224959 -0.0136553 0.999654 42.4649 
0.999517 0.0264625 -0.0163228 -1.0464 -0.0261894 0.999517 0.0167258 0.121397 0.0167575 -0.0162902 0.999727 43.0334 
0.999418 0.0326488 -0.00993145 -1.05524 -0.0324791 0.999331 0.016793 0.136713 0.0104731 -0.0164607 0.99981 43.5814 
0.999358 0.0356555 -0.00349227 -1.04255 -0.0355917 0.999224 0.0168964 0.134692 0.00409201 -0.0167612 0.999851 44.1084 
0.999258 0.0383013 0.00398306 -1.0535 -0.038364 0.999118 0.0170824 0.140699 -0.00332527 -0.0172225 0.999846 44.6158 
0.999032 0.0424789 0.0114613 -1.05089 -0.0426698 0.998945 0.0169591 0.145606 -0.0107288 -0.0174318 0.99979 45.0992 
0.998715 0.0468302 0.0193965 -1.04821 -0.0471161 0.998783 0.014553 0.146423 -0.0186914 -0.0154482 0.999706 45.5633 
0.998456 0.0482577 0.0275151 -1.03443 -0.0485999 0.998747 0.0119071 0.153845 -0.026906 -0.013226 0.99955 46.0025 
0.998321 0.0464654 0.034583 -1.02452 -0.0468893 0.998833 0.0115492 0.176127 -0.034006 -0.0131514 0.999335 46.4237 
0.998032 0.0457436 0.0429006 -1.00891 -0.0463655 0.998832 0.0136134 0.16937 -0.0422278 -0.0155757 0.998987 46.821 
0.997504 0.0479791 0.0517966 -1.00862 -0.0488164 0.998695 0.0150222 0.160051 -0.0510083 -0.0175132 0.998545 47.1933 
0.996831 0.0509351 0.0611077 -0.996827 -0.0519641 0.998531 0.0153682 0.167343 -0.0602352 -0.0184949 0.998013 47.5564 
0.996061 0.0550314 0.069529 -0.96601 -0.0561937 0.998309 0.0148712 0.172225 -0.0685931 -0.0187197 0.997469 47.8664 
0.995269 0.0579731 0.077972 -0.927043 -0.0593018 0.99813 0.0148322 0.189369 -0.0769663 -0.0193859 0.996845 48.1626 
0.994647 0.0576762 0.0857348 -0.882501 -0.0592507 0.998116 0.0159329 0.179857 -0.0846544 -0.0209274 0.996191 48.4348 
0.993627 0.0564921 0.0975444 -0.868928 -0.0581414 0.998208 0.0141475 0.204792 -0.0965704 -0.0197287 0.995131 48.7011 
0.990412 0.0539844 0.127164 -1.1145 -0.0557489 0.998391 0.0103556 0.224319 -0.1264 -0.0173455 0.991828 48.7893 
0.989291 0.055912 0.134822 -1.36084 -0.0573742 0.998328 0.00698127 0.23356 -0.134206 -0.0146418 0.990845 48.7071 
0.986963 0.0573355 0.150391 -1.31508 -0.0587188 0.998263 0.0047698 0.254529 -0.149857 -0.0135384 0.988615 48.9602 
0.980353 0.0568672 0.188876 -1.56285 -0.0588538 0.998254 0.00492149 0.265478 -0.188266 -0.0159408 0.981989 49.0593 
0.976846 0.0574663 0.206081 -1.51033 -0.0597211 0.998204 0.00473233 0.258918 -0.205439 -0.0169302 0.978523 49.2953 
0.972762 0.057594 0.224539 -1.43996 -0.0602581 0.99817 0.00502448 0.254628 -0.223839 -0.0184179 0.974452 49.5372 
0.968149 0.0568237 0.243841 -1.36802 -0.0602063 0.998165 0.00643535 0.240527 -0.243027 -0.0209111 0.969794 49.7823 
0.962752 0.0566556 0.264382 -1.31178 -0.0605107 0.998147 0.0064537 0.239813 -0.263527 -0.0222113 0.964396 50.0152 
0.956655 0.0583872 0.285311 -1.22897 -0.0623764 0.998041 0.00490672 0.24156 -0.284466 -0.0224907 0.958422 50.2502 
0.949595 0.0592384 0.30783 -1.13447 -0.0634833 0.997976 0.00378443 0.245529 -0.306983 -0.0231358 0.951434 50.4815 
0.941457 0.0598782 0.331772 -1.02402 -0.06483 0.997889 0.0038669 0.242929 -0.33084 -0.0251493 0.943352 50.7117 
0.932239 0.0624921 0.356406 -0.904307 -0.0683675 0.997653 0.00389847 0.234024 -0.355326 -0.0280009 0.934323 50.9399 
0.921435 0.0642296 0.383187 -0.775989 -0.0711315 0.99746 0.00385357 0.226563 -0.381966 -0.0308075 0.923663 51.1706 
0.909104 0.0647592 0.411504 -0.64938 -0.0730295 0.99732 0.00438843 0.212351 -0.410117 -0.0340415 0.911397 51.3932 
0.895479 0.0618935 0.440779 -0.494053 -0.0715364 0.997424 0.00527536 0.211665 -0.439317 -0.0362557 0.8976 51.6034 
0.879411 0.0574597 0.472584 -0.338342 -0.0682748 0.99765 0.00574913 0.232759 -0.471143 -0.0373214 0.881267 51.8198 
0.861014 0.0529442 0.505818 -0.183752 -0.0645929 0.997897 0.00550108 0.244433 -0.504463 -0.0374088 0.862623 52.0377 
0.839717 0.0518407 0.540545 -0.0372542 -0.0637632 0.997959 0.0033449 0.232158 -0.539268 -0.0372756 0.841309 52.2675 
0.816307 0.0517677 0.575294 0.140114 -0.0638004 0.997962 0.000727274 0.241492 -0.574085 -0.0372977 0.817946 52.4942 
0.790016 0.0542488 0.610682 0.333902 -0.0665647 0.997779 -0.00252369 0.227633 -0.609463 -0.0386561 0.791872 52.724 
0.761266 0.0572327 0.64591 0.54459 -0.0701971 0.997517 -0.00565401 0.22437 -0.644629 -0.0410368 0.763393 52.943 
0.729814 0.0611144 0.680909 0.778928 -0.0746446 0.997165 -0.00949391 0.223611 -0.679559 -0.0438974 0.732307 53.1707 
0.694612 0.0611625 0.71678 1.02296 -0.0772069 0.996962 -0.0102512 0.209432 -0.71523 -0.0482197 0.697224 53.411 
0.659142 0.0579475 0.749782 1.34276 -0.0780323 0.996915 -0.0084482 0.210926 -0.747959 -0.0529387 0.661631 53.5758 
0.619289 0.0548451 0.783245 1.67321 -0.0791588 0.996836 -0.00721288 0.204085 -0.781163 -0.0575339 0.621671 53.7814 
0.576021 0.0525507 0.815744 2.02221 -0.0807061 0.996712 -0.0072198 0.204073 -0.813441 -0.0616767 0.578369 53.9757 
0.528615 0.0483727 0.847483 2.38188 -0.0802986 0.996748 -0.00680641 0.209778 -0.845056 -0.0644537 0.53078 54.1722 
0.479317 0.0445626 0.87651 2.77032 -0.0816346 0.996644 -0.00602873 0.211033 -0.873837 -0.0686638 0.481347 54.3519 
0.430068 0.0412426 0.901854 3.18 -0.0842369 0.996431 -0.00539759 0.216417 -0.898858 -0.0736481 0.432007 54.5106 
0.381523 0.0395379 0.923513 3.62405 -0.0891821 0.995998 -0.00579812 0.210295 -0.920047 -0.0801488 0.383523 54.6216 
0.330633 0.0424254 0.942805 4.06696 -0.0951846 0.995394 -0.0114115 0.199368 -0.938947 -0.0859675 0.333149 54.758 
0.280925 0.0389404 0.958939 4.52822 -0.0953431 0.995366 -0.0124885 0.202025 -0.954982 -0.08792 0.283336 54.8684 
0.234512 0.026358 0.971756 5.01425 -0.0948196 0.995486 -0.00411906 0.187358 -0.967478 -0.0911755 0.235952 54.9251 
0.190505 0.0132515 0.981597 5.51772 -0.0969393 0.995276 0.00537753 0.169689 -0.976888 -0.0961797 0.19089 54.9804 
0.151275 0.0039478 0.988484 6.04417 -0.0965387 0.995271 0.0107991 0.15893 -0.983766 -0.0970606 0.15094 54.9746 
0.112632 -0.00035137 0.993637 6.55835 -0.0944442 0.995469 0.0110576 0.17322 -0.989138 -0.0950887 0.112088 55.0157 
0.0794843 -0.00827623 0.996802 7.09209 -0.092938 0.995548 0.0156766 0.169452 -0.992494 -0.0938868 0.0783613 55.0367 
0.050717 -0.01667 0.998574 7.64485 -0.0936572 0.995375 0.0213734 0.181527 -0.994312 -0.0946077 0.0489212 55.0613 
0.0259416 -0.0242848 0.999368 8.21135 -0.0949673 0.995124 0.0266468 0.198119 -0.995142 -0.0955986 0.0235089 55.053 
0.0056721 -0.0295781 0.999546 8.78903 -0.0953776 0.994989 0.0299845 0.225468 -0.995425 -0.0955044 0.0028226 55.0443 
-0.0106393 -0.0324651 0.999416 9.37071 -0.0937996 0.995098 0.0313263 0.245801 -0.995534 -0.0934115 -0.0136324 55.0059 
-0.0239711 -0.0336797 0.999145 9.97588 -0.0939669 0.995084 0.0312884 0.26777 -0.995287 -0.0931366 -0.027018 54.9799 
-0.0343319 -0.0351665 0.998792 10.5742 -0.0931743 0.995141 0.0318353 0.285538 -0.995058 -0.0919688 -0.0374417 54.917 
-0.0439654 -0.0393969 0.998256 11.1932 -0.0903521 0.995284 0.0353003 0.30914 -0.994939 -0.0886426 -0.0473177 54.8808 
-0.0504458 -0.0436999 0.99777 11.823 -0.0881985 0.995334 0.039134 0.351424 -0.994825 -0.0860277 -0.0540647 54.8566 
-0.0551907 -0.0431598 0.997543 12.46 -0.0888966 0.99531 0.0381448 0.369388 -0.994511 -0.0865729 -0.0587686 54.7973 
-0.0588732 -0.0407582 0.997433 13.1135 -0.0915726 0.995174 0.0352608 0.39481 -0.994057 -0.0892616 -0.0623215 54.761 
-0.0616393 -0.038584 0.997352 13.7747 -0.0982098 0.994638 0.0324093 0.425171 -0.993255 -0.0959521 -0.0650981 54.7229 
-0.0627973 -0.0399117 0.997228 14.4547 -0.104013 0.99402 0.0332334 0.455199 -0.992591 -0.101638 -0.0665732 54.6756 
-0.0632735 -0.0424243 0.997094 15.1408 -0.106841 0.993642 0.0354975 0.477201 -0.992261 -0.104284 -0.0674039 54.6317 
-0.0637344 -0.0449727 0.996953 15.8309 -0.104487 0.993794 0.0381505 0.514524 -0.992482 -0.101737 -0.068038 54.5942 
-0.0627836 -0.0460301 0.996965 16.5268 -0.0971748 0.994471 0.0397954 0.544449 -0.993285 -0.0943814 -0.0669095 54.551 
-0.0604472 -0.0474392 0.997043 17.2286 -0.0892305 0.995128 0.0419383 0.588013 -0.994175 -0.0864316 -0.0643857 54.5172 
-0.0574001 -0.0487369 0.997161 17.9442 -0.0881986 0.99515 0.0435616 0.646415 -0.994448 -0.0854478 -0.0614202 54.4424 
-0.0557247 -0.0481409 0.997285 18.6817 -0.0929341 0.994751 0.0428257 0.683039 -0.994112 -0.0902953 -0.0599061 54.4141 
-0.053608 -0.0473853 0.997437 19.4176 -0.0997177 0.994134 0.041869 0.700363 -0.993571 -0.0972177 -0.0580188 54.3476 
-0.0509516 -0.0452878 0.997674 20.1525 -0.10123 0.99406 0.039954 0.74588 -0.993557 -0.0989585 -0.0552334 54.3295 
-0.0472174 -0.0524895 0.997505 20.8782 -0.0965868 0.994179 0.0477425 0.780175 -0.994204 -0.0940915 -0.0520123 54.2869 
-0.0446708 -0.0535307 0.997567 21.6077 -0.0912256 0.99461 0.049287 0.817218 -0.994828 -0.0888019 -0.0493134 54.2692 
-0.0418852 -0.0479105 0.997973 22.3443 -0.0907986 0.994899 0.0439521 0.857001 -0.994988 -0.0887736 -0.0460218 54.2483 
-0.0391679 -0.0423228 0.998336 23.074 -0.0941784 0.994811 0.0384784 0.877621 -0.994785 -0.0925146 -0.0429506 54.209 
-0.0362282 -0.045885 0.99829 23.8168 -0.0974129 0.99435 0.0421688 0.914085 -0.994584 -0.0957185 -0.0404933 54.2022 
-0.032704 -0.050544 0.998186 24.5564 -0.0969683 0.994169 0.0471636 0.941724 -0.99475 -0.09525 -0.0374145 54.1776 
-0.0306016 -0.0511487 0.998222 25.28 -0.0923749 0.99456 0.0481292 0.985449 -0.995254 -0.0907378 -0.03516 54.1574 
-0.0264541 -0.0481247 0.998491 26.0137 -0.0918792 0.99473 0.0455091 1.02893 -0.995419 -0.0905366 -0.0307363 54.1454 
-0.0231571 -0.045968 0.998674 26.7519 -0.0920504 0.994797 0.0436551 1.05975 -0.995485 -0.0909175 -0.027268 54.1295 
-0.0185477 -0.0517998 0.998485 27.4904 -0.0954857 0.994184 0.0498029 1.10485 -0.995258 -0.0944174 -0.0233859 54.0794 
-0.0144356 -0.0561792 0.998316 28.2253 -0.0951005 0.993971 0.0545596 1.14323 -0.995363 -0.0941528 -0.0196913 54.0551 
-0.0109861 -0.0590087 0.998197 28.9606 -0.0940823 0.99389 0.0577186 1.19056 -0.995504 -0.0932786 -0.0164707 54.0565 
-0.00863049 -0.0597796 0.998174 29.6954 -0.0941251 0.993828 0.0587055 1.23124 -0.995523 -0.0934466 -0.014204 54.0637 
-0.00482189 -0.0611664 0.998116 30.4346 -0.0955618 0.993588 0.0604273 1.28034 -0.995412 -0.0950904 -0.0106361 54.0476 
-0.00101892 -0.0634968 0.997982 31.1752 -0.0963676 0.993343 0.0631033 1.33324 -0.995345 -0.0961087 -0.00713117 54.0339 
0.0019675 -0.061617 0.998098 31.9135 -0.095922 0.993486 0.0615214 1.384 -0.995387 -0.0958606 -0.00395574 54.0218 
0.00472304 -0.0586205 0.998269 32.6556 -0.0941554 0.993819 0.0588047 1.43575 -0.995546 -0.0942702 -0.000825588 54.0396 
0.0073857 -0.0601258 0.998163 33.3989 -0.0938322 0.993745 0.0605539 1.49001 -0.995561 -0.0941071 0.00169777 54.0466 
0.011056 -0.0569517 0.998316 34.147 -0.0936241 0.993932 0.0577385 1.53743 -0.995546 -0.0941048 0.00565689 54.0406 
0.0130892 -0.0555507 0.99837 34.891 -0.0934295 0.99402 0.0565335 1.59021 -0.99554 -0.0940172 0.00782086 54.0642 
0.0159781 -0.0530181 0.998466 35.6475 -0.0937384 0.994116 0.0542872 1.63483 -0.995469 -0.094462 0.0109142 54.0794 
0.0192117 -0.0510873 0.998509 36.4016 -0.0916921 0.994395 0.052641 1.68395 -0.995602 -0.0925667 0.0144197 54.095 
0.0226234 -0.0494425 0.998521 37.1574 -0.0881253 0.99479 0.0512544 1.72349 -0.995852 -0.0891545 0.0181484 54.1015 
0.0264876 -0.0491801 0.998439 37.9205 -0.0867543 0.994908 0.0513077 1.75764 -0.995878 -0.0879778 0.0220861 54.1211 
0.0272457 -0.0437362 0.998672 38.6861 -0.0866303 0.99518 0.0459467 1.79196 -0.995868 -0.0877671 0.0233255 54.1682 
0.0295495 -0.0401334 0.998757 39.4597 -0.0877391 0.995233 0.0425876 1.8361 -0.995705 -0.0888885 0.0258874 54.206 
0.0335586 -0.0422767 0.998542 40.2382 -0.0870964 0.99518 0.0450614 1.87208 -0.995634 -0.0884816 0.0297147 54.23 
0.0367628 -0.040798 0.998491 41.0169 -0.0859153 0.995338 0.0438324 1.9056 -0.995624 -0.087397 0.0330863 54.2779 
0.0407691 -0.036575 0.998499 41.8034 -0.0851538 0.995567 0.0399444 1.95018 -0.995533 -0.0866545 0.0374738 54.31 
0.0446855 -0.0352085 0.99838 42.5965 -0.0870639 0.995439 0.0390016 1.98979 -0.9952 -0.0886657 0.0414163 54.3505 
0.0498595 -0.0358258 0.998113 43.4068 -0.0872063 0.995384 0.0400841 2.02628 -0.994942 -0.0890403 0.0465051 54.3893 
0.0550955 -0.0335698 0.997917 44.1844 -0.0832964 0.995796 0.0380973 2.07398 -0.995001 -0.0852219 0.0520676 54.4484 
0.0612736 -0.0323756 0.997596 44.9785 -0.075311 0.996475 0.0369649 2.10727 -0.995276 -0.077395 0.0586193 54.4964 
0.0678593 -0.0303498 0.997233 45.7833 -0.0707051 0.996878 0.0351503 2.13926 -0.995186 -0.0728947 0.0655015 54.5798 
0.075845 -0.0267891 0.99676 46.6028 -0.0687201 0.997122 0.0320279 2.17006 -0.994749 -0.0709266 0.0737858 54.649 
0.0830518 -0.0228431 0.996283 47.4004 -0.0707492 0.997079 0.0287591 2.20428 -0.994031 -0.0728747 0.0811931 54.7153 
0.0909019 -0.0236002 0.99558 48.2185 -0.0724178 0.996916 0.030244 2.24281 -0.993223 -0.074847 0.0889125 54.7921 
0.0986207 -0.0222192 0.994877 49.0388 -0.0757985 0.996679 0.0297733 2.27109 -0.992234 -0.0783465 0.0966089 54.861 
0.105435 -0.0185052 0.994254 49.8583 -0.0817515 0.996281 0.0272122 2.2933 -0.99106 -0.0841509 0.10353 54.9732 
0.112839 -0.0165178 0.993476 50.6732 -0.0883412 0.995735 0.0265891 2.34238 -0.989678 -0.0907652 0.110898 55.0768 
0.120513 -0.0171141 0.992564 51.4994 -0.0911452 0.995437 0.0282301 2.36601 -0.988519 -0.0938696 0.118404 55.1852 
0.127377 -0.0162762 0.991721 52.2882 -0.0891122 0.995634 0.0277861 2.38757 -0.987843 -0.0919137 0.125371 55.2972 
0.133048 -0.016241 0.990976 53.0812 -0.0822969 0.996232 0.0273763 2.40642 -0.987687 -0.0851967 0.13121 55.41 
0.137967 -0.0151707 0.990321 53.8674 -0.0786893 0.996554 0.0262288 2.43931 -0.987306 -0.0815464 0.136298 55.5302 
0.142678 -0.0134864 0.989677 54.6333 -0.0764096 0.996773 0.0245988 2.45834 -0.986815 -0.0791306 0.141187 55.6544 
0.147983 -0.0112878 0.988925 55.4037 -0.0773913 0.996736 0.0229579 2.48182 -0.985957 -0.0799316 0.146626 55.7838 
0.152571 -0.01389 0.988195 56.1847 -0.0790151 0.996529 0.0262066 2.50308 -0.985129 -0.0820807 0.150944 55.8993 
0.156971 -0.0139436 0.987505 56.9353 -0.0856162 0.995944 0.0276721 2.51809 -0.983885 -0.0888901 0.155141 56.012 
0.160694 -0.0120328 0.986931 57.6911 -0.0925925 0.995332 0.0272113 2.53599 -0.982652 -0.0957551 0.158829 56.1249 
0.163173 -0.00776477 0.986567 58.4348 -0.0967661 0.995022 0.023836 2.55523 -0.98184 -0.0993557 0.16161 56.2646 
0.166765 -0.00652495 0.985975 59.167 -0.0971157 0.995007 0.0230106 2.57341 -0.981202 -0.099591 0.165299 56.3715 
0.16872 -0.0048804 0.985652 59.8804 -0.0960087 0.995151 0.0213619 2.58841 -0.980977 -0.0982354 0.167434 56.5262 
0.169017 -0.000339605 0.985613 60.5853 -0.0929002 0.995542 0.016274 2.60357 -0.981225 -0.0943142 0.168232 56.6685 
0.17145 0.00158919 0.985192 61.2851 -0.0897623 0.995865 0.0140147 2.60039 -0.981095 -0.0908359 0.170884 56.7838 
0.173197 0.00264949 0.984884 61.9688 -0.0845345 0.996346 0.0121855 2.61232 -0.981253 -0.0853671 0.172788 56.9083 
0.175629 0.00176394 0.984455 62.65 -0.0817063 0.996574 0.0127909 2.63069 -0.98106 -0.0826826 0.175172 57.0268 
0.178414 0.00203581 0.983953 63.3275 -0.0822801 0.996526 0.0128575 2.64962 -0.980509 -0.0832537 0.177962 57.124 
0.179029 0.00185423 0.983842 63.9936 -0.0852096 0.99627 0.0136279 2.6618 -0.980147 -0.0862726 0.178519 57.2444 
0.178573 0.00209447 0.983924 64.6483 -0.0877408 0.996048 0.0138039 2.66961 -0.980007 -0.0887953 0.178051 57.38 
0.178147 0.00204605 0.984002 65.2925 -0.0890319 0.99593 0.0140478 2.67394 -0.979968 -0.0901101 0.177605 57.4938 
0.175832 0.00295998 0.984416 65.9268 -0.0903943 0.995819 0.0131516 2.67587 -0.980261 -0.0912981 0.175365 57.6118 
0.174307 0.00425051 0.984682 66.5535 -0.0906082 0.995817 0.0117407 2.67432 -0.980514 -0.0912668 0.173963 57.7253 
0.172911 0.004503 0.984927 67.1834 -0.0874443 0.996111 0.0107974 2.68902 -0.981048 -0.0879933 0.172632 57.8401 
0.170482 0.00275134 0.985357 67.764 -0.0832428 0.996462 0.01162 2.69129 -0.981838 -0.0840049 0.170108 57.9435 
0.168517 0.00187737 0.985697 68.3746 -0.0818917 0.996568 0.0121024 2.69874 -0.982291 -0.0827599 0.168093 58.0464 
0.165981 0.00361257 0.986122 68.9603 -0.0830615 0.996491 0.0103301 2.71289 -0.982625 -0.0836234 0.165698 58.1434 
0.16365 0.00394687 0.986511 69.5465 -0.0863153 0.996214 0.010333 2.71675 -0.982735 -0.086842 0.163371 58.2381 
0.161501 0.00377602 0.986865 70.12 -0.089946 0.995887 0.0109092 2.7268 -0.982765 -0.0905264 0.161176 58.3313 
0.159021 0.000690974 0.987275 70.6756 -0.0895821 0.995885 0.0137321 2.73215 -0.983203 -0.0906259 0.158429 58.4243 
0.157635 -0.00367596 0.987491 71.2266 -0.0867343 0.996077 0.0175535 2.74532 -0.983681 -0.0884164 0.156698 58.5008 
0.155362 -0.00803349 0.987825 71.7737 -0.0832081 0.996307 0.0211891 2.76345 -0.984347 -0.085487 0.154119 58.5768 
0.154624 -0.00769893 0.987943 72.3153 -0.0813456 0.996475 0.0204969 2.77523 -0.984619 -0.0835342 0.153453 58.6617 
0.153363 -0.00689307 0.988146 72.8568 -0.079089 0.996682 0.0192274 2.78372 -0.985 -0.0811002 0.152309 58.7427 
0.152515 -0.00854966 0.988264 73.4074 -0.0810673 0.996485 0.0211316 2.78499 -0.984971 -0.0833388 0.151286 58.8093 
0.152861 -0.0129093 0.988163 73.955 -0.0805459 0.996425 0.025477 2.79897 -0.98496 -0.083487 0.151275 58.8721 
0.155149 -0.0188649 0.987711 74.5026 -0.0803303 0.996266 0.0316466 2.83072 -0.98462 -0.084253 0.153054 58.9531 
0.157639 -0.0213663 0.987266 75.0549 -0.0794535 0.99625 0.0342472 2.8577 -0.984295 -0.0838404 0.15535 59.0362 
0.161554 -0.0187544 0.986686 75.6134 -0.0805046 0.996237 0.0321172 2.87644 -0.983575 -0.0846214 0.159436 59.1208 
0.166417 -0.0176627 0.985897 76.1641 -0.0803974 0.996268 0.0314193 2.89742 -0.982772 -0.0844923 0.164376 59.2263 
0.173613 -0.0191202 0.984628 76.73 -0.0808462 0.99616 0.0335992 2.92167 -0.98149 -0.0854367 0.171401 59.3135 
0.181262 -0.0171321 0.983286 77.3115 -0.0809375 0.996196 0.0322773 2.9502 -0.980099 -0.0854354 0.179186 59.4261 
0.190056 -0.0177006 0.981614 77.8758 -0.0819472 0.996062 0.0338274 2.99424 -0.978347 -0.0868696 0.187857 59.5372 
0.199545 -0.0149515 0.979775 78.4433 -0.0825582 0.996072 0.0320144 3.03531 -0.976405 -0.0872767 0.197527 59.6644 
0.208552 -0.0136955 0.977915 79.0356 -0.0827817 0.996066 0.0316039 3.07182 -0.974502 -0.0875446 0.206598 59.8218 
0.218004 -0.00822 0.975913 79.6063 -0.0810127 0.996361 0.0264892 3.09434 -0.97258 -0.0848361 0.216544 59.9675 
0.227895 -0.00585309 0.973668 80.213 -0.0793698 0.996542 0.0245678 3.12853 -0.970445 -0.0828787 0.226643 60.129 
0.238885 -0.00170696 0.971046 80.8144 -0.078315 0.996707 0.0210182 3.14596 -0.967885 -0.0810684 0.237965 60.2885 
0.249478 0.000385305 0.96838 81.4266 -0.0763257 0.996897 0.0192667 3.16676 -0.965368 -0.0787189 0.248733 60.4574 
0.259185 0.00555519 0.965812 82.0508 -0.0772728 0.996897 0.0150029 3.16679 -0.962732 -0.0785195 0.25881 60.6161 
0.269064 0.00661641 0.9631 82.6805 -0.0780981 0.996833 0.0149703 3.17571 -0.959951 -0.0792442 0.268728 60.8272 
0.279739 0.0120617 0.96 83.33 -0.0790545 0.996815 0.0105118 3.1933 -0.956816 -0.0788329 0.279802 61.019 
0.28987 0.0119086 0.956992 83.9984 -0.0833297 0.996439 0.0128409 3.21127 -0.953431 -0.083468 0.28983 61.2284 
0.300532 0.00939353 0.953725 84.6766 -0.0879998 0.995959 0.0179205 3.22271 -0.949703 -0.0893133 0.300145 61.4364 
0.311937 0.00574459 0.950086 85.3583 -0.0909024 0.995575 0.0238259 3.24985 -0.945744 -0.0937972 0.311078 61.678 
0.32204 0.00474857 0.946714 86.0531 -0.0941667 0.995189 0.0270406 3.27855 -0.942031 -0.0978571 0.320937 61.9205 
0.331783 -0.000471168 0.943355 86.7684 -0.0919213 0.995225 0.0328263 3.31446 -0.938866 -0.0976057 0.330156 62.1595 
0.340876 -0.00645369 0.940086 87.4827 -0.0922143 0.994925 0.0402672 3.35689 -0.935575 -0.100416 0.338551 62.4041 
0.348733 -0.0163247 0.93708 88.2208 -0.0948692 0.994098 0.0526234 3.39733 -0.932408 -0.107252 0.345126 62.6601 
0.35715 -0.0215302 0.933799 88.9581 -0.0949011 0.993724 0.0592087 3.44017 -0.929213 -0.109765 0.352866 62.906 
0.364868 -0.0228885 0.930778 89.684 -0.0928494 0.99382 0.0608361 3.4861 -0.926418 -0.108619 0.360488 63.1906 
0.372339 -0.0246116 0.92777 90.4034 -0.0840467 0.994647 0.0601159 3.54542 -0.924283 -0.10036 0.368277 63.4718 
0.37909 -0.0282699 0.924928 91.1255 -0.0762127 0.995184 0.0616537 3.61616 -0.922216 -0.0938635 0.37511 63.7746 
0.38403 -0.0262734 0.922947 91.8374 -0.0752386 0.99538 0.0596414 3.66974 -0.92025 -0.0923453 0.380279 64.088 
0.388464 -0.0198608 0.92125 92.5371 -0.0783199 0.995438 0.0544853 3.73092 -0.91813 -0.0933178 0.385136 64.4032 
0.393419 -0.0125949 0.919273 93.2434 -0.079727 0.995672 0.0477622 3.76931 -0.915896 -0.0920814 0.390712 64.6927 
0.397813 -0.0127652 0.917378 93.9265 -0.0766542 0.995945 0.0470989 3.80888 -0.914259 -0.0890574 0.395221 65.0067 
0.402119 -0.0103083 0.915529 94.6151 -0.0743411 0.996267 0.0438695 3.8549 -0.912564 -0.0857022 0.399852 65.3162 
0.406491 -0.00560963 0.913638 95.2956 -0.0748009 0.99642 0.039398 3.8512 -0.910588 -0.0843559 0.404616 65.5663 
0.410292 -0.00443487 0.911943 95.9591 -0.0767894 0.996269 0.0393933 3.88988 -0.908715 -0.0861903 0.408421 65.8841 
0.413775 -0.00592459 0.91036 96.6202 -0.0781951 0.996052 0.0420234 3.93842 -0.907015 -0.0885739 0.411679 66.2079 
0.417225 -0.00537012 0.908787 97.2605 -0.0808958 0.995794 0.0430236 3.97273 -0.905196 -0.0914676 0.415036 66.5016 
0.420933 -0.00441563 0.907081 97.9113 -0.081625 0.995747 0.0427255 4.01552 -0.903412 -0.0920251 0.418782 66.8171 
0.424283 -0.00226881 0.905527 98.5162 -0.081387 0.995854 0.0406289 4.04136 -0.901865 -0.0909363 0.42234 67.1063 
0.426881 -0.00359389 0.904301 99.1213 -0.0795542 0.995966 0.0415122 4.07711 -0.900802 -0.0896617 0.424873 67.4101 
0.429038 -0.00502077 0.903273 99.7298 -0.0797665 0.995867 0.0434231 4.10557 -0.899758 -0.0906811 0.426864 67.6978 
0.430414 -0.00712079 0.902603 100.319 -0.0790463 0.99583 0.0455501 4.13631 -0.899164 -0.0909528 0.428056 67.9995 
0.431747 -0.00508058 0.90198 100.898 -0.08036 0.995791 0.0440745 4.17214 -0.898408 -0.0915122 0.429521 68.3051 
0.433268 -0.00546259 0.901249 101.474 -0.0807478 0.995725 0.044854 4.18557 -0.897641 -0.0922076 0.430974 68.597 
0.435575 -0.00291753 0.900148 102.045 -0.0803685 0.995875 0.0421176 4.19931 -0.896557 -0.0906889 0.433544 68.8714 
0.438336 -0.00532344 0.898796 102.6 -0.0781651 0.995968 0.0440195 4.21626 -0.895406 -0.0895498 0.436152 69.1425 
0.440541 -0.00684088 0.897706 103.143 -0.0771984 0.995978 0.0454741 4.24176 -0.894407 -0.0893347 0.438241 69.4358 
0.444023 -0.00936993 0.895966 103.688 -0.0757875 0.995969 0.0479745 4.27419 -0.892804 -0.0892048 0.441524 69.6973 
0.445748 -0.00909016 0.895112 104.214 -0.076911 0.995862 0.0484134 4.28527 -0.891848 -0.0904242 0.443204 69.9881 
0.44878 -0.0078289 0.893608 104.741 -0.0781533 0.995786 0.0479736 4.29653 -0.890218 -0.091368 0.446278 70.2522 
0.45143 -0.00908634 0.89226 105.249 -0.0771148 0.99581 0.0491563 4.33786 -0.888968 -0.0909971 0.448838 70.5427 
0.454508 -0.0104492 0.890681 105.76 -0.0758717 0.995843 0.0503997 4.37405 -0.887505 -0.0904846 0.451826 70.8141 
0.457438 -0.0100502 0.889185 106.261 -0.0744507 0.995993 0.0495583 4.40629 -0.88612 -0.0888703 0.454856 71.1012 
0.462499 -0.0122758 0.886535 106.786 -0.0715322 0.996128 0.0511112 4.44286 -0.883729 -0.0870546 0.45983 71.3445 
0.468559 -0.0101033 0.883374 107.306 -0.0698028 0.996385 0.0484207 4.47313 -0.88067 -0.08435 0.46616 71.5923 
0.473362 -0.00652902 0.880844 107.786 -0.0668045 0.996827 0.0432892 4.49791 -0.878331 -0.0793358 0.471424 71.8882 
0.480464 -0.00136071 0.877014 108.309 -0.0642878 0.997254 0.0367667 4.51923 -0.874655 -0.0740463 0.479057 72.1335 
0.485305 0.00349659 0.874338 108.782 -0.0618422 0.997625 0.0303362 4.54884 -0.872155 -0.0687933 0.484369 72.4503 
0.493814 0.00609811 0.869546 109.306 -0.0591695 0.997893 0.0266041 4.57983 -0.867552 -0.0645881 0.493135 72.692 
0.500189 0.00991238 0.865859 109.825 -0.0625283 0.997738 0.0246992 4.59161 -0.863655 -0.066495 0.499678 72.9703 
0.506247 0.0154935 0.862249 110.343 -0.0683616 0.997413 0.0222145 4.63291 -0.859675 -0.0701908 0.505997 73.2749 
0.511871 0.0212005 0.858801 110.856 -0.0762115 0.996874 0.0208153 4.65196 -0.855675 -0.0761052 0.511887 73.6103 
0.516365 0.0271313 0.855939 111.36 -0.0842063 0.996263 0.0192202 4.66657 -0.852218 -0.0820001 0.51672 73.979 
0.522647 0.0305084 0.852003 111.899 -0.0886629 0.995886 0.0187282 4.67932 -0.847926 -0.0853293 0.523202 74.3063 
0.52911 0.0370379 0.847744 112.442 -0.0904187 0.99582 0.0129265 4.68523 -0.843722 -0.0834915 0.530248 74.6288 
0.533991 0.0417648 0.844458 112.963 -0.0906477 0.99585 0.00806854 4.6896 -0.840617 -0.0808567 0.535561 75.0111 
0.53941 0.0449744 0.840841 113.501 -0.0901995 0.995913 0.00459534 4.69875 -0.837198 -0.0783222 0.541262 75.3892 
0.545642 0.0470543 0.836696 114.055 -0.0897145 0.995964 0.00249508 4.71248 -0.833202 -0.0764252 0.547662 75.7801 
0.551628 0.0500072 0.83259 114.621 -0.0912928 0.995824 0.00067422 4.72727 -0.829079 -0.0763814 0.55389 76.1811 
0.558734 0.056057 0.82745 115.211 -0.0946309 0.995506 -0.00354292 4.75205 -0.82393 -0.0763229 0.561528 76.5708 
0.565667 0.056935 0.822666 115.799 -0.0967395 0.995307 -0.00236487 4.75489 -0.81894 -0.0782466 0.56852 76.9922 
0.573696 0.0575896 0.817041 116.397 -0.0992609 0.995061 -0.000440081 4.74287 -0.813031 -0.0808477 0.576579 77.4167 
0.580943 0.0579384 0.811879 116.985 -0.0991226 0.995075 -8.4307e-05 4.74696 -0.807886 -0.0804266 0.583825 77.871 
0.588793 0.0627116 0.805847 117.579 -0.101171 0.994863 -0.0035004 4.76321 -0.801927 -0.0794671 0.592113 78.3294 
0.597851 0.063119 0.799118 118.211 -0.0995544 0.995024 -0.00411232 4.78631 -0.795401 -0.0770972 0.60116 78.7635 
0.604844 0.0655022 0.793646 118.829 -0.100099 0.99496 -0.00583113 4.81259 -0.790028 -0.0759162 0.608352 79.2425 
0.61147 0.0649394 0.788598 119.486 -0.099279 0.995047 -0.00496018 4.82397 -0.785014 -0.0752582 0.614889 79.6924 
0.615107 0.0635866 0.785876 120.107 -0.0989728 0.995085 -0.003048 4.82451 -0.782207 -0.0759054 0.618377 80.2091 
0.618132 0.0598278 0.783795 120.751 -0.0975067 0.995234 0.000930376 4.8173 -0.780004 -0.0770003 0.621019 80.7458 
0.621959 0.0543044 0.781164 121.388 -0.0941383 0.995543 0.00574506 4.82261 -0.77737 -0.0771106 0.624299 81.2429 
0.625813 0.0462271 0.778602 122.052 -0.0899945 0.995855 0.0132086 4.83416 -0.774764 -0.078336 0.627379 81.7798 
0.628974 0.0405577 0.776368 122.717 -0.087841 0.995951 0.0191356 4.86034 -0.772448 -0.0802328 0.62999 82.324 
0.632355 0.0371161 0.773789 123.382 -0.0874976 0.995882 0.0237355 4.88751 -0.769721 -0.0827139 0.632999 82.8548 
0.636487 0.0372935 0.770385 124.049 -0.0883588 0.99578 0.0247968 4.9172 -0.76621 -0.0838532 0.637096 83.4056 
0.639331 0.0383415 0.767976 124.713 -0.0874608 0.9959 0.0230893 4.94252 -0.763942 -0.0819294 0.640063 83.9592 
0.643028 0.0459853 0.764461 125.41 -0.0911381 0.995697 0.0167659 4.96097 -0.760401 -0.0804525 0.644452 84.5195 
0.645513 0.0530589 0.761904 126.066 -0.0957792 0.995332 0.0118329 4.98284 -0.75772 -0.0806128 0.647582 85.0909 
0.648891 0.0550929 0.758884 126.76 -0.099968 0.994902 0.0132514 5.00123 -0.754285 -0.0844628 0.651091 85.6511 
0.652394 0.0584217 0.755625 127.425 -0.106809 0.994161 0.015353 5.02028 -0.750316 -0.0907239 0.654825 86.2582 
0.656393 0.0575101 0.752224 128.104 -0.110819 0.993624 0.0207352 5.04403 -0.746235 -0.0969712 0.658581 86.8552 
0.661601 0.0543657 0.747882 128.778 -0.110796 0.993508 0.0257932 5.06646 -0.741625 -0.0999275 0.66333 87.4525 
0.666508 0.0486112 0.743911 129.452 -0.105474 0.993983 0.0295473 5.09762 -0.737999 -0.0981567 0.667625 88.0547 
0.67108 0.0381492 0.740403 130.112 -0.0938536 0.995012 0.0337983 5.13096 -0.73542 -0.0921709 0.671313 88.6608 
0.676774 0.0324109 0.735477 130.79 -0.0835189 0.995961 0.0329629 5.17104 -0.731438 -0.0837347 0.676747 89.2799 
0.682668 0.0288727 0.730158 131.444 -0.0777506 0.996417 0.0332922 5.22083 -0.726581 -0.0794978 0.682467 89.8904 
0.688895 0.0260976 0.724391 132.108 -0.0775789 0.996266 0.0378849 5.26899 -0.720698 -0.0822962 0.688347 90.5288 
0.695237 0.0221467 0.718439 132.785 -0.0763386 0.996147 0.0431659 5.30882 -0.714715 -0.0848552 0.694249 91.1626 
0.70126 0.0155764 0.712736 133.455 -0.0712519 0.996287 0.0483315 5.35378 -0.709336 -0.0846767 0.699766 91.7996 
0.70561 0.0145279 0.708452 134.113 -0.066322 0.996755 0.0456159 5.39643 -0.70549 -0.079173 0.704283 92.4522 
0.709565 0.0152931 0.704474 134.769 -0.065577 0.996859 0.0444106 5.4448 -0.701582 -0.0777095 0.708339 93.1089 
0.713194 0.012588 0.700854 135.429 -0.0641342 0.996817 0.0473596 5.5008 -0.698027 -0.0787253 0.711731 93.7757 
0.715884 0.00975235 0.698151 136.091 -0.0649636 0.996495 0.0526937 5.54698 -0.695191 -0.083077 0.714009 94.4427 
0.71788 0.00667701 0.696134 136.767 -0.0646312 0.996275 0.0570943 5.59823 -0.69316 -0.0859789 0.715638 95.124 
0.718705 0.00306166 0.695309 137.413 -0.064907 0.995919 0.0627057 5.64556 -0.692279 -0.0901973 0.71597 95.7823 
0.718726 0.00481129 0.695277 138.069 -0.0671883 0.995777 0.0625636 5.699 -0.692039 -0.0916806 0.716014 96.4589 
0.718905 0.00650215 0.695078 138.732 -0.0691395 0.995666 0.0621955 5.75313 -0.691662 -0.09277 0.716239 97.13 
0.718161 0.00876124 0.695822 139.388 -0.0698953 0.995772 0.0596013 5.80724 -0.692358 -0.091438 0.715737 97.8166 
0.717242 0.0119603 0.696721 140.06 -0.0712917 0.995866 0.056296 5.86956 -0.693167 -0.0900483 0.71513 98.5083 
0.713723 0.0141442 0.700285 140.685 -0.0719406 0.995989 0.0532044 5.93612 -0.696723 -0.0883521 0.711878 99.1862 
0.711239 0.0193206 0.702684 141.332 -0.076574 0.995803 0.0501263 5.97485 -0.698767 -0.0894592 0.709734 99.8619 
0.709244 0.0206039 0.704662 142.005 -0.0777423 0.995762 0.0491322 6.03017 -0.700664 -0.0896288 0.70784 100.535 
0.707023 0.0219301 0.70685 142.677 -0.0803148 0.995542 0.0494478 6.06443 -0.702615 -0.0917312 0.705633 101.191 
0.704214 0.0238602 0.709587 143.326 -0.0842603 0.995181 0.0501589 6.11674 -0.70497 -0.0951126 0.702831 101.857 
0.701531 0.0200974 0.712356 143.99 -0.0832055 0.995075 0.0538674 6.16527 -0.707765 -0.0970616 0.699748 102.511 
0.698319 0.0231806 0.715411 144.64 -0.0818177 0.99551 0.0476068 6.20501 -0.711095 -0.091778 0.69708 103.157 
0.695212 0.027955 0.718261 145.297 -0.079118 0.996148 0.0378087 6.2507 -0.714437 -0.0831124 0.694746 103.79 
0.691537 0.0306602 0.72169 145.961 -0.076458 0.996593 0.0309244 6.28961 -0.718283 -0.0765643 0.691526 104.427 
0.686992 0.0319616 0.725962 146.618 -0.0806929 0.996209 0.0325016 6.33385 -0.722171 -0.0809083 0.686966 105.09 
0.682923 0.0351429 0.729645 147.275 -0.0872695 0.995614 0.0337281 6.36159 -0.725259 -0.0867094 0.682994 105.718 
0.67997 0.0373577 0.732287 147.961 -0.0924766 0.995096 0.0351048 6.39362 -0.727385 -0.0915897 0.68009 106.349 
0.67556 0.0376167 0.736345 148.593 -0.0927745 0.995097 0.0342807 6.43012 -0.731445 -0.0914727 0.675737 106.976 
0.672533 0.0346771 0.739254 149.263 -0.0917726 0.995099 0.0368114 6.4552 -0.734355 -0.0926002 0.67242 107.587 
0.669639 0.0309471 0.742042 149.948 -0.0878866 0.995413 0.0377973 6.49248 -0.737468 -0.0905261 0.669287 108.196 
0.667384 0.0258359 0.744266 150.656 -0.0830306 0.995748 0.039888 6.53808 -0.740071 -0.0884175 0.666691 108.746 
0.663798 0.0232998 0.747549 151.325 -0.0792913 0.996074 0.0393621 6.57216 -0.743697 -0.0854026 0.66304 109.323 
0.659598 0.0232117 0.75126 151.993 -0.079466 0.996075 0.0389946 6.61124 -0.747406 -0.0854203 0.658854 109.921 
0.656423 0.0251634 0.753973 152.707 -0.0813685 0.995975 0.0376009 6.63996 -0.749992 -0.0860318 0.655828 110.469 
0.651951 0.0240619 0.757879 153.398 -0.0811008 0.995976 0.0381442 6.68062 -0.753911 -0.0863327 0.651279 111.053 
0.645945 0.0275364 0.762887 154.082 -0.0831124 0.995945 0.0344236 6.71061 -0.758846 -0.0856411 0.645615 111.634 
0.638635 0.0336333 0.768775 154.758 -0.0834063 0.996184 0.0257048 6.73036 -0.764977 -0.0805366 0.639003 112.236 
0.632147 0.0363729 0.773995 155.448 -0.0819821 0.99643 0.0201315 6.76072 -0.7705 -0.0761798 0.632872 112.82 
0.627048 0.0316196 0.778339 156.175 -0.0767818 0.996819 0.0213619 6.81977 -0.775187 -0.0731572 0.627481 113.382 
0.619749 0.0335548 0.784082 156.884 -0.0847049 0.996109 0.0243233 6.84767 -0.780216 -0.08149 0.62018 113.963 
0.612244 0.0384414 0.789734 157.605 -0.0960271 0.995039 0.0260105 6.88553 -0.784816 -0.0917606 0.612898 114.554 
0.604934 0.037945 0.795371 158.338 -0.101339 0.99441 0.0296348 6.90378 -0.789801 -0.0985294 0.605398 115.129 
0.596975 0.0410091 0.801211 159.074 -0.10629 0.993932 0.0283226 6.93594 -0.795188 -0.102069 0.597711 115.708 
0.589165 0.0391752 0.807063 159.837 -0.103842 0.994212 0.0275466 6.96574 -0.801312 -0.100037 0.589823 116.261 
0.582623 0.0350747 0.811985 160.629 -0.0990917 0.99468 0.0281347 6.97652 -0.806679 -0.0968529 0.582999 116.8 
0.576182 0.0336257 0.81663 161.39 -0.0899718 0.995691 0.0224818 6.99264 -0.812355 -0.0864273 0.576724 117.312 
0.568641 0.0289858 0.822075 162.15 -0.0847182 0.996128 0.0234781 7.03063 -0.818212 -0.0829953 0.568895 117.845 
0.562128 0.0230916 0.826727 162.964 -0.084481 0.995985 0.0296231 7.07533 -0.822724 -0.0864948 0.561822 118.372 
0.554034 0.0194466 0.832267 163.739 -0.0869358 0.995613 0.0346093 7.10454 -0.827942 -0.0915285 0.553294 118.887 
0.546805 0.0190874 0.837042 164.509 -0.0882089 0.99549 0.0349227 7.13642 -0.8326 -0.0929305 0.546022 119.391 
0.535868 0.0200153 0.844065 165.239 -0.0883409 0.995561 0.0324769 7.19599 -0.839667 -0.0919688 0.535257 119.959 
0.530095 0.0142055 0.847819 166.022 -0.0851131 0.995701 0.0365333 7.24918 -0.843656 -0.0915267 0.529025 120.454 
0.524699 0.00958878 0.851234 166.798 -0.086571 0.995354 0.04215 7.28024 -0.846874 -0.0958082 0.523091 120.942 
0.519028 0.00812613 0.854719 167.555 -0.0884035 0.995103 0.0442222 7.33094 -0.850173 -0.0985127 0.517204 121.434 
0.515035 0.00946345 0.857117 168.318 -0.0910609 0.994885 0.0437333 7.37231 -0.852319 -0.100574 0.513262 121.904 
0.509339 0.0103502 0.860504 169.066 -0.0896143 0.995129 0.041074 7.41474 -0.855887 -0.098034 0.507786 122.366 
0.505965 0.0109012 0.862485 169.839 -0.0883804 0.995313 0.039267 7.40334 -0.858014 -0.0960946 0.504556 122.816 
0.502498 0.0120335 0.864494 170.573 -0.0833928 0.995916 0.0346103 7.44185 -0.860547 -0.0894843 0.501449 123.242 
0.497933 0.0141496 0.8671 171.293 -0.0830765 0.996047 0.031453 7.48061 -0.863227 -0.0876971 0.49714 123.683 
0.495357 0.0130337 0.868592 172.029 -0.0874581 0.995555 0.0349383 7.51529 -0.864276 -0.0932724 0.494295 124.106 
0.492964 0.00927836 0.87 172.763 -0.0924764 0.994838 0.0417898 7.55011 -0.865121 -0.101055 0.491278 124.523 
0.491087 0.00451539 0.871099 173.492 -0.0933545 0.9945 0.047474 7.58111 -0.866094 -0.104635 0.488807 124.924 
0.487719 -0.00166179 0.872999 174.197 -0.0890314 0.99469 0.0516327 7.63592 -0.868449 -0.102907 0.484982 125.337 
0.48477 -0.00254537 0.874638 174.899 -0.0857813 0.995036 0.0504402 7.67135 -0.870425 -0.0994795 0.482145 125.736 
0.482307 0.000395464 0.876002 175.591 -0.0817284 0.995659 0.0445483 7.69486 -0.872181 -0.0930802 0.480246 126.128 
0.479669 0.00151419 0.877448 176.271 -0.0743606 0.996471 0.0389306 7.73556 -0.874293 -0.0839214 0.478089 126.521 
0.477956 -0.00195075 0.878382 176.974 -0.070365 0.996699 0.0405014 7.75817 -0.875561 -0.0811652 0.476241 126.893 
0.475175 -0.00120104 0.879891 177.645 -0.0780718 0.995997 0.0435213 7.79242 -0.876421 -0.0893749 0.473179 127.258 
0.471265 0.00558024 0.881974 178.323 -0.0930024 0.99472 0.0434004 7.83183 -0.877075 -0.102479 0.469295 127.65 
0.467281 0.0130855 0.884012 178.996 -0.104209 0.993736 0.0403742 7.85462 -0.877946 -0.110988 0.465717 128.02 
0.465527 0.0141007 0.884921 179.659 -0.103079 0.993932 0.0383884 7.87687 -0.87901 -0.109087 0.464156 128.371 
0.463276 0.011712 0.886137 180.323 -0.0983691 0.994413 0.0382848 7.90033 -0.880738 -0.104905 0.46184 128.697 
0.459515 0.0109513 0.888103 180.964 -0.0961488 0.994661 0.0374833 7.92642 -0.882951 -0.102614 0.458114 129.055 
0.45737 0.0120991 0.889194 181.613 -0.0979641 0.994507 0.0368572 7.95046 -0.883864 -0.103966 0.456043 129.378 
0.455724 0.0118812 0.890042 182.256 -0.0991342 0.994368 0.0374853 7.97132 -0.884584 -0.105317 0.454335 129.693 
0.453989 0.0117542 0.89093 182.885 -0.0997284 0.9943 0.0377004 7.99864 -0.885409 -0.105967 0.452573 130.004 
0.451053 0.00995007 0.892442 183.514 -0.0980352 0.994439 0.0384611 8.02072 -0.887097 -0.104839 0.44952 130.314 
0.448645 0.00841119 0.89367 184.139 -0.0955388 0.994677 0.038601 8.04131 -0.888589 -0.102698 0.447061 130.6 
0.44481 0.00731907 0.895595 184.748 -0.0938741 0.99484 0.0384937 8.06406 -0.890692 -0.101196 0.443201 130.889 
0.441646 0.00641873 0.897167 185.356 -0.0917139 0.995059 0.0380286 8.08894 -0.89249 -0.0990778 0.440052 131.164 
0.4354 0.00695182 0.90021 185.942 -0.0899333 0.995304 0.0358113 8.11997 -0.895734 -0.0965512 0.43398 131.464 
0.430108 0.00566508 0.90276 186.538 -0.0861375 0.995676 0.0347909 8.14375 -0.898659 -0.0927253 0.428736 131.743 
0.423222 0.0034922 0.906019 187.135 -0.082708 0.995966 0.0347958 8.15726 -0.902243 -0.0896614 0.421803 132.016 
0.415884 0.00520248 0.909403 187.734 -0.0821306 0.996112 0.0318611 8.18392 -0.905701 -0.0879403 0.414694 132.307 
0.409391 0.00929458 0.912312 188.344 -0.0844257 0.996044 0.0277376 8.20662 -0.908444 -0.0883781 0.408556 132.579 
0.403507 0.0126221 0.914889 188.965 -0.0873891 0.995865 0.0248032 8.20826 -0.910794 -0.0899596 0.402942 132.851 
0.398614 0.0124794 0.917034 189.593 -0.0866098 0.995951 0.0240939 8.22991 -0.91302 -0.0890283 0.39808 133.116 
0.391605 0.0140981 0.920026 190.225 -0.0848137 0.996179 0.0208355 8.26056 -0.916216 -0.08619 0.391304 133.39 
0.385529 0.0166114 0.922546 190.868 -0.0820082 0.996498 0.016328 8.29135 -0.919044 -0.0819513 0.385541 133.646 
0.377408 0.0195588 0.925841 191.516 -0.0809953 0.996643 0.0119622 8.29642 -0.922498 -0.0795033 0.377725 133.906 
0.369928 0.0213585 0.928815 192.172 -0.0803524 0.996725 0.00908259 8.30642 -0.925579 -0.0779924 0.370433 134.167 
0.358849 0.023579 0.933098 192.821 -0.0789141 0.996868 0.00515819 8.33001 -0.930054 -0.0754856 0.359585 134.472 
0.349989 0.0243146 0.936438 193.5 -0.0787257 0.99689 0.00353916 8.33245 -0.93344 -0.0749604 0.350815 134.74 
0.343409 0.0213002 0.938944 194.194 -0.0761349 0.997084 0.00522642 8.33975 -0.936095 -0.0732812 0.344029 134.977 
0.336355 0.0195352 0.941533 194.902 -0.0762456 0.997068 0.00655067 8.35356 -0.938644 -0.0739911 0.336858 135.222 
0.329285 0.018473 0.94405 195.623 -0.0792061 0.996825 0.00812141 8.35253 -0.940903 -0.0774488 0.329703 135.463 
0.32149 0.0197842 0.946706 196.352 -0.0827915 0.99654 0.0072894 8.36044 -0.943287 -0.0807227 0.322016 135.715 
0.313428 0.0186979 0.949428 197.089 -0.0870415 0.996163 0.00911614 8.36691 -0.945614 -0.0854969 0.313853 135.986 
0.307114 0.0142578 0.951566 197.864 -0.088857 0.995949 0.0137554 8.38261 -0.947515 -0.0887777 0.307137 136.23 
0.301394 0.0145771 0.953388 198.625 -0.0952844 0.995339 0.0149037 8.40579 -0.948727 -0.0953349 0.301378 136.481 
0.295803 0.013676 0.955151 199.407 -0.100072 0.994839 0.0167472 8.42705 -0.949993 -0.100538 0.295645 136.733 
0.290947 0.00933145 0.956694 200.201 -0.0980093 0.994982 0.0201014 8.44697 -0.951706 -0.0996134 0.290401 136.98 
0.286158 0.00523107 0.958168 200.994 -0.0881025 0.995893 0.0208749 8.471 -0.954123 -0.0903905 0.285444 137.229 
0.281749 0.00227969 0.959485 201.793 -0.0745629 0.997025 0.0195262 8.48784 -0.956587 -0.0770435 0.281081 137.421 
0.278275 -0.00343499 0.960495 202.62 -0.0645313 0.997667 0.022264 8.50392 -0.958331 -0.0681776 0.277405 137.614 
0.274038 -0.00998514 0.961667 203.459 -0.0656276 0.997421 0.0290577 8.54608 -0.959477 -0.0710748 0.272676 137.854 
0.269437 -0.0167169 0.962873 204.323 -0.0700814 0.996858 0.0369176 8.57723 -0.960465 -0.0774264 0.267419 138.074 
0.264409 -0.0200885 0.964201 205.206 -0.0744682 0.996373 0.0411799 8.61084 -0.961531 -0.0826907 0.261954 138.305 
0.259815 -0.0170152 0.965509 206.058 -0.0705075 0.996842 0.0365407 8.62306 -0.963081 -0.0775694 0.257795 138.532 
0.254744 -0.0108341 0.966948 206.901 -0.0638489 0.997567 0.0279983 8.66024 -0.964898 -0.0688709 0.253432 138.767 
0.249471 -0.00593968 0.968364 207.79 -0.0627962 0.997777 0.0222977 8.69829 -0.966344 -0.0663722 0.248543 139.02 
0.24354 -0.00286706 0.969887 208.649 -0.0691429 0.9974 0.0203102 8.73862 -0.967423 -0.0720071 0.242708 139.271 
0.237531 0.000473925 0.97138 209.544 -0.0736957 0.997127 0.0175343 8.76113 -0.96858 -0.0757515 0.236884 139.475 
0.232697 0.001998 0.972547 210.442 -0.0732535 0.997193 0.0154784 8.77187 -0.969787 -0.0748443 0.23219 139.664 
0.22731 0.0035386 0.973816 211.335 -0.0700738 0.997461 0.0127322 8.80433 -0.971298 -0.0711331 0.226981 139.899 
0.221898 -0.00205225 0.975068 212.238 -0.0680494 0.997527 0.0175857 8.84583 -0.972692 -0.070255 0.22121 140.122 
0.215943 -0.00613467 0.976387 213.14 -0.0674645 0.997497 0.0211881 8.86864 -0.974073 -0.0704469 0.214988 140.387 
0.210895 -0.00471376 0.977497 214.06 -0.0680012 0.997495 0.0194815 8.88709 -0.975141 -0.0705795 0.210046 140.613 
0.207587 -0.00370583 0.97821 214.994 -0.0670535 0.997587 0.0180087 8.94076 -0.975916 -0.0693307 0.206837 140.792 
0.203963 -0.00360029 0.978972 215.926 -0.0676544 0.997551 0.017764 8.95961 -0.976638 -0.0698549 0.203219 140.99 
0.201432 -0.00218562 0.9795 216.859 -0.0694738 0.997447 0.0165128 9.00468 -0.977036 -0.0713758 0.200766 141.212 
0.198242 -0.00214596 0.980151 217.799 -0.0714803 0.997303 0.0166409 9.04964 -0.977543 -0.0733604 0.197554 141.413 
0.196331 0.000923793 0.980537 218.745 -0.0732959 0.997216 0.0137363 9.0661 -0.977794 -0.0745662 0.195852 141.575 
0.194697 0.00242987 0.98086 219.686 -0.0718823 0.997343 0.0117977 9.06063 -0.978226 -0.0728034 0.194355 141.753 
0.192893 0.00332819 0.981214 220.622 -0.0707293 0.99744 0.0105212 9.09125 -0.978667 -0.07143 0.192634 141.946 
0.191008 0.00276148 0.981585 221.561 -0.0707324 0.997435 0.0109579 9.08911 -0.979037 -0.0715229 0.190714 142.127 
0.189803 0.00208319 0.98182 222.509 -0.0720694 0.99733 0.0118162 9.10091 -0.979174 -0.073002 0.189446 142.305 
0.188323 0.000569125 0.982107 223.444 -0.0763996 0.996978 0.0140722 9.12696 -0.979131 -0.0776827 0.187797 142.495 
0.18699 -0.000151742 0.982362 224.382 -0.0764784 0.996963 0.0147115 9.15733 -0.97938 -0.0778803 0.186411 142.669 
0.18534 0.00377046 0.982667 225.324 -0.0752884 0.997108 0.0103742 9.17847 -0.979786 -0.0759062 0.185088 142.844 
0.184355 0.00322594 0.982854 226.271 -0.0684996 0.997605 0.0095742 9.18457 -0.98047 -0.0690902 0.184135 143.013 
0.181975 0.00277548 0.983299 227.186 -0.0661475 0.997765 0.00942532 9.20134 -0.981076 -0.066758 0.181752 143.186 
0.180167 0.00503831 0.983623 228.114 -0.0652611 0.997845 0.00684249 9.2185 -0.981469 -0.0654251 0.180107 143.358 
0.176672 0.00698114 0.984245 229.071 -0.0695888 0.997561 0.00541562 9.24233 -0.981807 -0.0694492 0.176727 143.538 
0.175063 0.00524458 0.984543 229.979 -0.075449 0.997117 0.00810414 9.24442 -0.981662 -0.0757015 0.174954 143.684 
0.17131 0.0042388 0.985208 230.926 -0.0790415 0.996826 0.00945508 9.2533 -0.982041 -0.0794921 0.171101 143.854 
0.168041 0.00516651 0.985767 231.841 -0.0792002 0.996824 0.00827654 9.25954 -0.982593 -0.0794637 0.167916 143.998 
0.163907 0.00485707 0.986464 232.764 -0.0780123 0.99692 0.00805367 9.26927 -0.983386 -0.0782764 0.163781 144.155 
0.160255 0.00407596 0.987067 233.693 -0.0774683 0.996959 0.00846053 9.27888 -0.984031 -0.0778223 0.160083 144.305 
0.155954 0.00435834 0.987755 234.623 -0.0783948 0.99689 0.00797887 9.2896 -0.984649 -0.0786791 0.15581 144.459 
0.151639 0.00384917 0.988428 235.562 -0.0790543 0.996836 0.00824617 9.30337 -0.985269 -0.07939 0.151464 144.607 
0.149957 0.00368181 0.988686 236.503 -0.0790765 0.996834 0.00828161 9.32169 -0.985525 -0.0794237 0.149773 144.703 
0.146681 0.00495792 0.989171 237.428 -0.0798923 0.99678 0.00685092 9.32013 -0.985952 -0.0800321 0.146605 144.836 
0.142554 0.00710467 0.989762 238.356 -0.079875 0.996795 0.00434911 9.32663 -0.986559 -0.0796772 0.142664 144.974 
0.138036 0.00897161 0.990387 239.291 -0.0813706 0.996681 0.00231251 9.33261 -0.987079 -0.0809076 0.138308 145.118 
0.13349 0.0129002 0.990966 240.207 -0.0808768 0.996722 -0.00208045 9.35425 -0.987745 -0.0798685 0.134096 145.269 
0.130274 0.0182195 0.991311 241.127 -0.0785288 0.99688 -0.00800184 9.34098 -0.988363 -0.076804 0.131299 145.397 
0.126373 0.0215608 0.991748 242.04 -0.0745595 0.997142 -0.0121773 9.3383 -0.989177 -0.0724054 0.12762 145.527 
0.123167 0.0231925 0.992115 242.961 -0.0730864 0.997224 -0.0142385 9.33361 -0.989691 -0.0707563 0.12452 145.657 
0.120023 0.0252365 0.99245 243.884 -0.0762223 0.99696 -0.0161331 9.32931 -0.989841 -0.0737105 0.121582 145.775 
0.115181 0.0252367 0.993024 244.805 -0.0790049 0.996743 -0.0161674 9.33945 -0.990198 -0.0765915 0.1168 145.911 
0.112286 0.0248821 0.993364 245.725 -0.0817822 0.996526 -0.0157169 9.32996 -0.990305 -0.0794748 0.113931 146.022 
0.108922 0.023218 0.993779 246.637 -0.0823362 0.996503 -0.0142573 9.32443 -0.990635 -0.0802711 0.110452 146.142 
0.105152 0.0230636 0.994189 247.552 -0.0822526 0.996507 -0.0144178 9.31967 -0.991049 -0.0802586 0.106682 146.233 
0.101393 0.0226398 0.994589 248.458 -0.0811708 0.996596 -0.0144106 9.29841 -0.99153 -0.0792705 0.102885 146.321 
0.09646 0.0229617 0.995072 249.358 -0.0773588 0.996883 -0.0155045 9.30232 -0.992326 -0.075482 0.0979356 146.421 
0.0922078 0.0128656 0.995657 250.271 -0.0806289 0.996729 -0.00541243 9.29474 -0.99247 -0.0797797 0.0929436 146.47 
0.0880556 0.0133464 0.996026 251.178 -0.0860323 0.996276 -0.0057439 9.28975 -0.992393 -0.0851847 0.0888759 146.544 
0.0821305 0.0130056 0.996537 252.079 -0.0850007 0.996363 -0.00599796 9.27919 -0.99299 -0.0842137 0.0829373 146.634 
0.0780293 0.0106394 0.996894 252.969 -0.0728539 0.99733 -0.00494158 9.25747 -0.994286 -0.072242 0.0785961 146.709 
0.0724707 0.0099715 0.997321 253.854 -0.0606143 0.998146 -0.00557519 9.26197 -0.995527 -0.0600478 0.0729407 146.783 
0.0670296 0.0113633 0.997686 254.75 -0.0562979 0.998385 -0.00758893 9.26489 -0.996161 -0.055659 0.0675611 146.861 
0.0617278 0.0157055 0.997969 255.652 -0.0624249 0.997979 -0.0118444 9.26508 -0.996139 -0.061567 0.0625835 146.913 
0.0565885 0.0192554 0.998212 256.551 -0.0691681 0.997487 -0.0153203 9.25835 -0.995999 -0.0681775 0.0577782 146.978 
0.0508114 0.0219388 0.998467 257.445 -0.0740727 0.997088 -0.0181389 9.24451 -0.995958 -0.0730375 0.0522885 147.045 
0.0463605 0.023949 0.998638 258.331 -0.0744077 0.997018 -0.0204559 9.24317 -0.99615 -0.073358 0.0480043 147.071 
0.0393001 0.0268002 0.998868 259.217 -0.076681 0.996773 -0.023727 9.23675 -0.996281 -0.0756617 0.0412283 147.097 
0.0319393 0.0309645 0.99901 260.101 -0.0814065 0.99628 -0.0282772 9.22692 -0.996169 -0.0804228 0.0343412 147.164 
0.0243174 0.0331896 0.999153 260.982 -0.0849779 0.9959 -0.0310133 9.20221 -0.996086 -0.0841518 0.0270381 147.211 
0.0174821 0.0292039 0.999421 261.856 -0.0833411 0.996137 -0.0276502 9.17561 -0.996368 -0.0828094 0.0198485 147.231 
0.0103052 0.0273627 0.999572 262.728 -0.0794627 0.996487 -0.026459 9.16692 -0.996785 -0.0791561 0.0124433 147.261 
0.00378455 0.0258957 0.999657 263.598 -0.0770577 0.9967 -0.0255273 9.14644 -0.997019 -0.0769347 0.00576752 147.257 
-0.00271453 0.0262157 0.999653 264.473 -0.0789502 0.99653 -0.0263482 9.12897 -0.996875 -0.0789943 -0.000635377 147.265 
-0.00905352 0.0272784 0.999587 265.349 -0.0815728 0.996276 -0.0279268 9.10982 -0.996626 -0.0817919 -0.00679464 147.264 
-0.0144905 0.0241982 0.999602 266.221 -0.0826884 0.996254 -0.0253158 9.08873 -0.99647 -0.0830223 -0.0124353 147.246 
-0.0198546 0.0226612 0.999546 267.089 -0.0802203 0.996484 -0.0241852 9.06795 -0.996579 -0.0806641 -0.0179669 147.229 
-0.0243532 0.0225926 0.999448 267.951 -0.0764391 0.996776 -0.0243948 9.05364 -0.996777 -0.076991 -0.0225477 147.213 
-0.0274585 0.0204426 0.999414 268.818 -0.0748313 0.996944 -0.022448 9.04804 -0.996818 -0.0754038 -0.0258448 147.196 
-0.0296129 0.0151198 0.999447 269.685 -0.0759925 0.996958 -0.0173337 9.03232 -0.996669 -0.0764638 -0.0283738 147.144 
-0.0318816 0.0133862 0.999402 270.552 -0.0784798 0.99679 -0.0158548 9.02428 -0.996406 -0.0789384 -0.0307287 147.121 
-0.0336208 0.01108 0.999373 271.416 -0.0802454 0.99668 -0.0137497 9.0129 -0.996208 -0.0806573 -0.0326201 147.092 
-0.0350435 0.00859414 0.999349 272.281 -0.0812906 0.996625 -0.0114213 9.00846 -0.996074 -0.0816379 -0.0342266 147.06 
-0.0357948 0.00642484 0.999339 273.141 -0.0798625 0.996763 -0.00926884 9.00608 -0.996163 -0.0801414 -0.0351659 147.031 
-0.0365755 0.00519344 0.999317 273.997 -0.0781253 0.996911 -0.00804036 8.99869 -0.996272 -0.0783661 -0.0360568 147.002 
-0.0367352 0.00237498 0.999322 274.851 -0.0767021 0.997041 -0.00518913 8.9989 -0.996377 -0.0768408 -0.0364443 146.981 
-0.0345961 -0.000631831 0.999401 275.699 -0.0756155 0.997135 -0.00198717 9.01588 -0.996537 -0.075639 -0.0345447 146.963 
-0.0317144 -0.000741129 0.999497 276.55 -0.0746938 0.997205 -0.00163063 9.01817 -0.996702 -0.0747079 -0.0316811 146.911 
-0.0294211 -0.00252213 0.999564 277.357 -0.0745669 0.997216 0.000321411 9.021 -0.996782 -0.0745249 -0.0295273 146.873 
-0.0277351 -0.00276168 0.999611 278.177 -0.0754131 0.997152 0.000662478 9.03029 -0.996767 -0.0753654 -0.0278644 146.862 
-0.0251549 -0.00342952 0.999678 278.986 -0.0772635 0.99701 0.00147619 9.0356 -0.996693 -0.0772014 -0.0253446 146.839 
-0.0219783 -0.00385584 0.999751 279.793 -0.0805233 0.996751 0.00207406 9.03599 -0.99651 -0.0804577 -0.0222174 146.827 
-0.017859 -0.00303969 0.999836 280.579 -0.0833679 0.996518 0.0015405 9.0307 -0.996359 -0.0833267 -0.0180502 146.796 
-0.0148598 -0.00052983 0.999889 281.358 -0.0853269 0.996353 -0.000740127 9.04247 -0.996242 -0.0853285 -0.0148508 146.808 
-0.0108642 0.00449039 0.999931 282.124 -0.0851598 0.996353 -0.00539958 9.04097 -0.996308 -0.0852126 -0.0104421 146.808 
-0.00804978 0.00740969 0.99994 282.879 -0.0837981 0.99645 -0.00805843 9.03807 -0.99645 -0.0838579 -0.00740028 146.835 
-0.00375005 0.00728194 0.999966 283.624 -0.0839939 0.996438 -0.00757123 9.03452 -0.996459 -0.0840195 -0.00312505 146.83 
-0.000676918 0.00669345 0.999977 284.367 -0.0868813 0.996196 -0.00672695 9.02287 -0.996218 -0.0868839 -9.28077e-05 146.84 
0.00169656 0.00913098 0.999957 285.088 -0.0900316 0.995899 -0.00894117 9.02363 -0.995937 -0.0900126 0.00251168 146.876 
0.00499864 0.0130609 0.999902 285.805 -0.0915625 0.99572 -0.0125485 9.02928 -0.995787 -0.0914908 0.00617313 146.89 
0.00915625 0.0122265 0.999883 286.495 -0.0902498 0.995854 -0.0113508 9.02758 -0.995877 -0.0901354 0.0102217 146.897 
0.012935 0.0120016 0.999844 287.172 -0.0891539 0.995959 -0.0108016 9.02399 -0.995934 -0.0890003 0.0139527 146.927 
0.0149862 0.0132195 0.9998 287.839 -0.0872877 0.996113 -0.0118623 9.00914 -0.99607 -0.0870925 0.0160818 146.946 
0.0201295 0.0145343 0.999692 288.494 -0.0839727 0.996386 -0.0127954 9.00694 -0.996265 -0.0836892 0.0212772 146.918 
0.0238409 0.0175966 0.999561 289.137 -0.0836663 0.996373 -0.0155449 9.00068 -0.996209 -0.083259 0.0252267 146.945 
0.026937 0.0194631 0.999448 289.767 -0.0834217 0.996367 -0.0171548 8.98562 -0.99615 -0.0829135 0.0284627 146.972 
0.0287219 0.0208846 0.999369 290.381 -0.0839352 0.996301 -0.0184082 8.97622 -0.996057 -0.0833535 0.0303686 147.052 
0.0324044 0.0213182 0.999247 290.986 -0.0845042 0.996251 -0.0185139 8.96344 -0.995896 -0.0838407 0.0340844 147.078 
0.0336906 0.0224242 0.999181 291.589 -0.084075 0.996268 -0.0195239 8.95104 -0.99589 -0.0833484 0.0354502 147.107 
0.0362954 0.0252514 0.999022 292.155 -0.0815658 0.99642 -0.0222223 8.93951 -0.996007 -0.0806794 0.0382251 147.154 
0.0386416 0.0266655 0.998897 292.735 -0.0820499 0.996353 -0.0234235 8.92639 -0.995879 -0.0810543 0.0406885 147.17 
0.043923 0.0276057 0.998653 293.299 -0.0828401 0.996276 -0.0238965 8.91018 -0.995594 -0.0816789 0.0460463 147.19 
0.0465782 0.0286238 0.998504 293.852 -0.0838733 0.996172 -0.0246444 8.89353 -0.995387 -0.0826 0.0488007 147.22 
0.0497059 0.0286248 0.998354 294.394 -0.0830804 0.996243 -0.0244279 8.88167 -0.995302 -0.0817294 0.0518974 147.239 
0.0531558 0.0301417 0.998131 294.925 -0.0817938 0.996317 -0.025731 8.87252 -0.995231 -0.0802732 0.0554255 147.281 
0.056378 0.030578 0.997941 295.448 -0.0806414 0.996405 -0.0259752 8.85814 -0.995147 -0.079011 0.0586412 147.312 
0.0583584 0.0298544 0.997849 295.961 -0.0791417 0.996545 -0.0251869 8.85016 -0.995154 -0.0775016 0.0605195 147.352 
0.0601614 0.0311626 0.997702 296.463 -0.0775818 0.996635 -0.0264511 8.84498 -0.995169 -0.0758121 0.0623766 147.394 
0.0616859 0.0323475 0.997571 296.96 -0.0764346 0.996693 -0.0275926 8.83788 -0.995165 -0.0745468 0.0639543 147.426 
0.0633469 0.0334766 0.99743 297.448 -0.0747117 0.996792 -0.0287102 8.82398 -0.995191 -0.072701 0.0656447 147.445 
0.0640811 0.0344063 0.997351 297.939 -0.0733522 0.996864 -0.0296765 8.81624 -0.995245 -0.0712562 0.0664039 147.477 
0.0638756 0.0338872 0.997382 298.425 -0.0727897 0.996919 -0.0292098 8.78898 -0.9953 -0.0707334 0.0661455 147.534 
0.0638056 0.0337412 0.997392 298.921 -0.0723338 0.996956 -0.029099 8.78001 -0.995337 -0.0702884 0.066052 147.559 
0.0640488 0.034398 0.997354 299.423 -0.0714809 0.996997 -0.0297953 8.78314 -0.995383 -0.0693834 0.0663152 147.565 
0.0643301 0.0354157 0.9973 299.929 -0.071956 0.996933 -0.0307612 8.78144 -0.995331 -0.0697829 0.0666812 147.597 
0.0625484 0.0337234 0.997472 300.44 -0.0709954 0.997047 -0.0292571 8.7695 -0.995514 -0.0689859 0.0647579 147.63 
0.0606033 0.0307725 0.997687 300.95 -0.0677299 0.997348 -0.0266478 8.75821 -0.995861 -0.0659583 0.0625268 147.697 
0.0588973 0.0251035 0.997948 301.474 -0.0632348 0.99777 -0.021367 8.74471 -0.996259 -0.0618466 0.0603533 147.719 
0.0557966 0.0222598 0.998194 302.004 -0.0583444 0.998116 -0.0189968 8.72734 -0.996736 -0.057179 0.0569902 147.759 
0.053778 0.0233981 0.998279 302.551 -0.0554769 0.998251 -0.0204089 8.72546 -0.997011 -0.0542839 0.0549821 147.777 
0.0527175 0.0235125 0.998333 303.11 -0.0545812 0.998296 -0.0206294 8.73237 -0.997117 -0.0534027 0.053911 147.801 
0.0506854 0.0194376 0.998525 303.681 -0.0569048 0.998243 -0.0165436 8.72612 -0.997092 -0.0559824 0.0517024 147.822 
0.0494949 0.0107019 0.998717 304.265 -0.0599996 0.998169 -0.00772252 8.73798 -0.996971 -0.0595404 0.0500463 147.851 
0.0471589 0.00896291 0.998847 304.855 -0.0608579 0.998128 -0.00608315 8.73521 -0.997032 -0.0605009 0.047616 147.863 
0.0441594 0.0138087 0.998929 305.446 -0.0582186 0.998241 -0.0112255 8.72865 -0.997327 -0.0576605 0.0448856 147.94 
0.0428395 0.0162126 0.99895 306.051 -0.0569856 0.99828 -0.013758 8.7284 -0.997455 -0.0563364 0.0436897 147.963 
0.0418929 0.0109299 0.999062 306.676 -0.0578998 0.998286 -0.00849351 8.72872 -0.997443 -0.0574896 0.042454 147.972 
0.0412833 0.00641048 0.999127 307.309 -0.0586964 0.998268 -0.00397967 8.74166 -0.997422 -0.0584809 0.041588 147.975 
0.0386582 0.00681027 0.999229 307.955 -0.0588821 0.998255 -0.0045256 8.74708 -0.997516 -0.0586618 0.0389917 148.016 
0.0361132 0.0115047 0.999281 308.607 -0.057198 0.998318 -0.00942656 8.75565 -0.997709 -0.0568165 0.0367105 148.09 
0.0357788 0.0134495 0.999269 309.274 -0.0549192 0.998425 -0.0114717 8.76625 -0.99785 -0.0544686 0.0364611 148.102 
0.0342515 0.0140311 0.999315 309.949 -0.0519683 0.998574 -0.0122395 8.7732 -0.998061 -0.0515134 0.0349318 148.13 
0.0328755 0.0125125 0.999381 310.635 -0.0491802 0.998731 -0.0108865 8.79044 -0.998249 -0.0487919 0.0334491 148.165 
0.0311858 0.0155024 0.999393 311.34 -0.0512251 0.998591 -0.0138915 8.78215 -0.9982 -0.0507608 0.031936 148.197 
0.0293562 0.0190547 0.999387 312.043 -0.0519577 0.998496 -0.0175115 8.784 -0.998218 -0.0514118 0.0303021 148.233 
0.0263858 0.0206538 0.999438 312.755 -0.0510366 0.998511 -0.0192872 8.77748 -0.998348 -0.050499 0.0274006 148.298 
0.0251574 0.0167531 0.999543 313.477 -0.0453354 0.99885 -0.0156005 8.7757 -0.998655 -0.0449223 0.025888 148.317 
0.0231049 0.0158689 0.999607 314.205 -0.0393354 0.999114 -0.0149519 8.77923 -0.998959 -0.0389745 0.0237087 148.333 
0.0228242 0.0165118 0.999603 314.946 -0.0349265 0.999266 -0.0157088 8.79283 -0.999129 -0.0345541 0.0233841 148.333 
0.0223838 0.0128938 0.999666 315.7 -0.0369173 0.999246 -0.0120618 8.79867 -0.999068 -0.036635 0.0228429 148.341 
0.0193776 0.0077427 0.999782 316.464 -0.0420725 0.999091 -0.0069219 8.8068 -0.998927 -0.0419292 0.0196858 148.378 
0.0178863 0.00447011 0.99983 317.235 -0.0447293 0.998992 -0.00366619 8.81002 -0.998839 -0.0446561 0.0180683 148.383 
0.0165874 0.00239959 0.99986 318.011 -0.043651 0.999045 -0.00167348 8.81647 -0.998909 -0.0436171 0.0166763 148.392 
0.0158417 0.00280603 0.999871 318.794 -0.0416823 0.999129 -0.00214354 8.81708 -0.999005 -0.0416429 0.0159449 148.385 
0.0150449 0.00307364 0.999882 319.587 -0.0400051 0.999196 -0.00246959 8.82683 -0.999086 -0.0399632 0.0151558 148.403 
0.0154554 0.00237483 0.999878 320.389 -0.0408288 0.999165 -0.00174204 8.83764 -0.999047 -0.0407969 0.0155395 148.403 
0.0168762 0.00130949 0.999857 321.202 -0.0427161 0.999087 -0.000587493 8.83693 -0.998945 -0.0427 0.0169168 148.391 
0.0180481 6.65956e-05 0.999837 322.017 -0.0438133 0.999039 0.000724332 8.85143 -0.998877 -0.0438193 0.0180336 148.388 
0.0197293 -0.000440136 0.999805 322.848 -0.0444716 0.99901 0.00131735 8.85988 -0.998816 -0.0444889 0.0196902 148.377 
0.0211488 0.000756933 0.999776 323.678 -0.046038 0.99894 0.000217568 8.86402 -0.998716 -0.0460323 0.0211612 148.387 
0.0231471 0.00127078 0.999731 324.521 -0.0470417 0.998893 -0.000180546 8.87517 -0.998625 -0.0470249 0.0231813 148.398 
0.0263894 -0.000747724 0.999651 325.371 -0.047682 0.998861 0.00200587 8.89632 -0.998514 -0.0477183 0.0263237 148.426 
0.028479 -0.000613141 0.999594 326.228 -0.0478145 0.998854 0.00197495 8.91174 -0.99845 -0.0478513 0.028417 148.423 
0.0314501 -0.00204004 0.999503 327.09 -0.0469783 0.99889 0.00351699 8.93329 -0.998401 -0.0470656 0.0313193 148.461 
0.0342572 -0.00311684 0.999408 327.961 -0.0475087 0.99886 0.00474361 8.94219 -0.998283 -0.0476431 0.03407 148.485 
0.0365344 -0.0044414 0.999323 328.842 -0.0484663 0.998806 0.00621098 8.96733 -0.998156 -0.0486604 0.0362755 148.57 
0.0395062 -0.00755873 0.999191 329.726 -0.0494273 0.998732 0.00950953 8.9935 -0.997996 -0.049763 0.0390825 148.604 
0.0432421 -0.00854426 0.999028 330.618 -0.0483833 0.998772 0.0106363 9.01402 -0.997892 -0.0487962 0.0427756 148.613 
0.0447209 -0.00860948 0.998962 331.513 -0.0476577 0.998806 0.0107416 9.03354 -0.997862 -0.0480886 0.0442572 148.723 
0.047749 -0.00726159 0.998833 332.414 -0.0465347 0.998872 0.00948645 9.04741 -0.997775 -0.0469334 0.0473572 148.763 
0.0492331 -0.00304716 0.998783 333.321 -0.0458988 0.998932 0.00531011 9.04247 -0.997732 -0.0461044 0.0490407 148.815 
0.0515312 -0.00107086 0.998671 334.228 -0.0451326 0.998975 0.00340002 9.05095 -0.997651 -0.0452478 0.0514301 148.878 
0.0538651 0.00179346 0.998547 335.143 -0.0450595 0.998984 0.000636424 9.05811 -0.997531 -0.0450283 0.0538912 148.941 
0.0561898 0.00301112 0.998416 336.061 -0.0458213 0.99895 -0.000433959 9.08146 -0.997368 -0.0457243 0.0562687 148.941 
0.0579119 0.00314093 0.998317 336.98 -0.0489255 0.998802 -0.000304306 9.08194 -0.997122 -0.0488256 0.0579962 149.005 
0.0588723 0.00325488 0.99826 337.901 -0.0513551 0.99868 -0.000227595 9.09011 -0.996944 -0.0512523 0.0589617 149.066 
0.0606122 0.00161418 0.99816 338.825 -0.0513821 0.998678 0.00150511 9.10384 -0.996838 -0.0513788 0.060615 149.107 
0.0621732 -0.000307531 0.998065 339.746 -0.0484239 0.998821 0.00332427 9.12677 -0.99689 -0.0485368 0.062085 149.137 
0.0622353 0.00030761 0.998061 340.671 -0.0494105 0.998775 0.00277322 9.14224 -0.996838 -0.0494873 0.0621743 149.175 
0.0626237 0.00252502 0.998034 341.591 -0.0515849 0.998668 0.000710175 9.14788 -0.996703 -0.0515279 0.0626706 149.242 
0.0624783 0.00460124 0.998036 342.507 -0.0536543 0.998559 -0.00124482 9.15603 -0.996603 -0.0534711 0.0626351 149.323 
0.062723 0.00613346 0.998012 343.422 -0.0528681 0.998598 -0.0028144 9.15636 -0.99663 -0.0525865 0.0629593 149.382 
0.0630329 0.00672271 0.997989 344.332 -0.0516104 0.998661 -0.00346752 9.16417 -0.996676 -0.0512881 0.0632955 149.447 
0.0623111 0.00693362 0.998033 345.242 -0.0514198 0.99867 -0.00372771 9.16239 -0.996731 -0.0510864 0.0625847 149.515 
0.0630277 0.00847712 0.997976 346.152 -0.0506626 0.998702 -0.00528366 9.16795 -0.996725 -0.0502271 0.0633754 149.592 
0.0630649 0.00851153 0.997973 347.063 -0.0501337 0.998728 -0.00534988 9.16876 -0.996749 -0.0496947 0.0634114 149.656 
0.0633912 0.0092409 0.997946 347.972 -0.0506387 0.998699 -0.00603122 9.16966 -0.996703 -0.0501523 0.0637766 149.719 
0.0629545 0.00874084 0.997978 348.883 -0.0524333 0.99861 -0.00543877 9.16512 -0.996638 -0.0519848 0.0633253 149.784 
0.0629444 0.00954982 0.997971 349.786 -0.052062 0.998624 -0.00627239 9.16149 -0.996658 -0.0515616 0.063355 149.849 
0.0626583 0.0101115 0.997984 350.685 -0.0498638 0.998732 -0.00698837 9.15721 -0.996789 -0.0493254 0.0630831 149.921 
0.0633974 0.00750511 0.99796 351.585 -0.0472382 0.998873 -0.00451108 9.17398 -0.99687 -0.0468559 0.0636805 149.986 
0.0647393 0.00494824 0.99789 352.49 -0.0505848 0.998718 -0.0016706 9.17914 -0.996619 -0.0503699 0.0649066 150.033 
0.0667061 0.00331037 0.997767 353.397 -0.0532071 0.998583 0.000244107 9.18406 -0.996353 -0.0531046 0.0667878 150.085 
0.0689496 -0.00172707 0.997619 354.294 -0.0514245 0.998663 0.00528305 9.18575 -0.996294 -0.0516663 0.0687686 150.169 
0.0709451 -0.00775241 0.99745 355.191 -0.0451588 0.99892 0.0109758 9.19347 -0.996457 -0.0458224 0.0705184 150.247 
0.0733869 -0.0111763 0.997241 356.087 -0.041928 0.999019 0.0142817 9.20785 -0.996422 -0.0428604 0.0728463 150.346 
0.0772484 -0.0149343 0.9969 356.991 -0.0414705 0.998974 0.0181788 9.22724 -0.996149 -0.0427462 0.0765499 150.389 
0.0806436 -0.01635 0.996609 357.893 -0.0419245 0.998925 0.0197805 9.25066 -0.995861 -0.0433775 0.0798714 150.457 
0.0838532 -0.0176045 0.996323 358.795 -0.0391768 0.999013 0.0209492 9.27587 -0.995708 -0.0407894 0.0830807 150.534 
0.088123 -0.0182448 0.995942 359.697 -0.0394172 0.998985 0.0217883 9.31113 -0.995329 -0.0411773 0.0873145 150.595 
0.0916783 -0.0173119 0.995638 360.602 -0.0428623 0.998854 0.0213146 9.35504 -0.994866 -0.0446295 0.0908311 150.689 
0.0970304 -0.0165648 0.995144 361.507 -0.0473026 0.998655 0.0212354 9.38831 -0.994157 -0.0491334 0.0961163 150.765 
0.10302 -0.0164199 0.994544 362.416 -0.0489014 0.998571 0.0215519 9.42436 -0.993477 -0.0508549 0.102069 150.817 
0.108878 -0.0145986 0.993948 363.323 -0.049639 0.998565 0.0201038 9.46791 -0.992815 -0.0515274 0.107997 150.908 
0.113079 -0.0128777 0.993503 364.227 -0.0506941 0.998539 0.0187129 9.50345 -0.992292 -0.0524807 0.112261 151.06 
0.119734 -0.0109809 0.992745 365.136 -0.0514106 0.998529 0.0172454 9.5194 -0.991474 -0.0531025 0.118993 151.156 
0.129145 -0.00920993 0.991583 366.046 -0.0501357 0.998617 0.015805 9.53038 -0.990358 -0.0517548 0.128504 151.218 
0.137517 -0.00784335 0.990468 366.948 -0.0495451 0.998662 0.0147871 9.55309 -0.98926 -0.0511064 0.136944 151.353 
0.145703 -0.00526999 0.989314 367.844 -0.0493868 0.9987 0.0125935 9.5699 -0.988095 -0.050694 0.145254 151.522 
0.155122 -0.00382817 0.987888 368.743 -0.0493325 0.998715 0.0116165 9.5837 -0.986663 -0.050537 0.154734 151.672 
0.16388 -0.00222187 0.986478 369.641 -0.0500255 0.998692 0.01056 9.5963 -0.985211 -0.0510797 0.163555 151.826 
0.173203 -0.00132584 0.984885 370.534 -0.0509212 0.99865 0.0102994 9.60226 -0.983569 -0.0519354 0.172902 151.993 
0.183924 -0.000550623 0.98294 371.437 -0.05141 0.998626 0.010179 9.61566 -0.981595 -0.0524051 0.183643 152.121 
0.193016 0.000148764 0.981196 372.323 -0.0521531 0.998588 0.0101079 9.62245 -0.979809 -0.0531234 0.192752 152.286 
0.201239 0.00129178 0.979541 373.216 -0.0530188 0.998548 0.00957545 9.61788 -0.978106 -0.0538611 0.201015 152.444 
0.207346 0.00308644 0.978263 374.101 -0.052826 0.998571 0.00804613 9.66282 -0.97684 -0.053346 0.207213 152.618 
0.212152 0.00425049 0.977227 374.982 -0.052499 0.998596 0.00705389 9.67033 -0.975825 -0.0528 0.212077 152.818 
0.216571 0.00538081 0.976252 375.857 -0.0528088 0.998585 0.00621118 9.70586 -0.974837 -0.0528999 0.216549 153.048 
0.221392 0.00610576 0.975166 376.738 -0.0528902 0.998584 0.00575528 9.72381 -0.97375 -0.0528509 0.221401 153.253 
0.225329 0.00706736 0.974257 377.623 -0.0530189 0.998581 0.00501858 9.74558 -0.972839 -0.0527849 0.225384 153.47 
0.229396 0.00973737 0.973284 378.507 -0.0530761 0.998587 0.00251914 9.77998 -0.971885 -0.052236 0.229589 153.693 
0.234084 0.00959524 0.972169 379.4 -0.0533166 0.998573 0.00298199 9.79157 -0.970753 -0.0525308 0.234262 153.9 
0.238224 0.00984053 0.97116 380.275 -0.0544505 0.998511 0.00323894 9.80881 -0.969683 -0.0536518 0.238405 154.168 
0.242975 0.0102141 0.969979 381.168 -0.0563562 0.998404 0.00360349 9.80969 -0.968394 -0.0555399 0.243163 154.388 
0.247719 0.00973793 0.968783 382.05 -0.0581292 0.998297 0.00482907 9.82782 -0.967087 -0.0575108 0.247863 154.626 
0.252127 0.00976586 0.967645 382.932 -0.060147 0.998174 0.00559776 9.83325 -0.965823 -0.0596123 0.252254 154.853 
0.256352 0.0104851 0.966527 383.791 -0.0621504 0.998051 0.005657 9.84633 -0.964583 -0.0615202 0.256504 155.114 
0.260714 0.0105636 0.965358 384.659 -0.0619166 0.998064 0.00580028 9.84906 -0.963428 -0.0612839 0.260864 155.348 
0.265693 0.0136263 0.963961 385.518 -0.0590385 0.998253 0.00216148 9.87391 -0.962248 -0.0574851 0.266034 155.579 
0.27024 0.0162959 0.962655 386.369 -0.0568073 0.998385 -0.000953539 9.88411 -0.961116 -0.0544281 0.27073 155.82 
0.274476 0.0171627 0.961441 387.224 -0.0568925 0.998379 -0.00158021 9.88379 -0.95991 -0.054265 0.275007 156.059 
0.277868 0.0187304 0.960437 388.071 -0.0617752 0.998089 -0.00159219 9.88289 -0.958631 -0.0588887 0.278494 156.326 
0.279895 0.0216753 0.959786 388.911 -0.0659693 0.997816 -0.00329601 9.88974 -0.957761 -0.0623939 0.280714 156.594 
0.282293 0.0250154 0.959002 389.743 -0.0668814 0.997741 -0.00633857 9.88999 -0.956994 -0.06235 0.283329 156.868 
0.283097 0.0289032 0.958656 390.561 -0.0630881 0.997942 -0.0114574 9.90028 -0.957014 -0.0572362 0.284338 157.146 
0.283803 0.0301556 0.958408 391.392 -0.0597884 0.998117 -0.0137006 9.8926 -0.957017 -0.0534134 0.285071 157.391 
0.285064 0.0322434 0.957966 392.227 -0.0601067 0.998068 -0.0157071 9.89425 -0.956622 -0.0531026 0.286452 157.616 
0.28524 0.034876 0.957821 393.046 -0.0653789 0.997718 -0.0168587 9.88684 -0.956224 -0.0578125 0.28687 157.876 
0.285573 0.0376922 0.957615 393.868 -0.0707941 0.997326 -0.0181435 9.8809 -0.955739 -0.0626122 0.287478 158.127 
0.28606 0.0389458 0.95742 394.678 -0.0735234 0.99712 -0.0185933 9.86385 -0.955387 -0.065074 0.288099 158.367 
0.285812 0.0381258 0.957527 395.483 -0.0738445 0.997113 -0.0176602 9.85089 -0.955436 -0.0656606 0.287802 158.607 
0.285125 0.0379893 0.957737 396.283 -0.0727901 0.997187 -0.0178839 9.84519 -0.955722 -0.0646146 0.287089 158.852 
0.285137 0.0375723 0.95775 397.085 -0.0721207 0.99724 -0.01765 9.8201 -0.955769 -0.0640409 0.28706 159.084 
0.284433 0.0323214 0.958151 397.893 -0.0726722 0.997283 -0.0120683 9.81043 -0.955938 -0.0661983 0.286009 159.333 
0.284376 0.0311429 0.958207 398.704 -0.0734929 0.997239 -0.0106004 9.80854 -0.955892 -0.0674069 0.285879 159.569 
0.283877 0.0314982 0.958343 399.5 -0.0714711 0.997375 -0.0116102 9.79558 -0.956193 -0.065198 0.285383 159.825 
0.283559 0.0287268 0.958524 400.297 -0.0655803 0.997792 -0.0105031 9.78122 -0.95671 -0.0598821 0.284817 160.053 
0.282834 0.0282555 0.958753 401.092 -0.0609073 0.998078 -0.0114467 9.78363 -0.957233 -0.0551575 0.284011 160.309 
0.28217 0.0295431 0.958909 401.904 -0.0627524 0.997954 -0.0122803 9.7763 -0.95731 -0.0567087 0.283447 160.557 
0.282086 0.0290849 0.958948 402.723 -0.0658564 0.99777 -0.0108899 9.77984 -0.957126 -0.060081 0.283372 160.799 
0.281204 0.032193 0.959108 403.542 -0.0663716 0.997696 -0.0140285 9.81196 -0.95735 -0.0597127 0.282693 161.052 
0.281073 0.0325804 0.959133 404.368 -0.0648199 0.997786 -0.014898 9.81218 -0.957495 -0.0579835 0.282562 161.294 
0.281364 0.031553 0.959082 405.219 -0.061177 0.998016 -0.0148865 9.80542 -0.957649 -0.0544853 0.282737 161.534 
0.28146 0.0304821 0.959089 406.048 -0.0599703 0.9981 -0.0141227 9.79648 -0.957697 -0.0535419 0.282753 161.767 
0.281475 0.0304005 0.959087 406.926 -0.0613844 0.998021 -0.0136194 9.79521 -0.957603 -0.0550394 0.282784 162.044 
0.281862 0.0294096 0.959004 407.753 -0.0637629 0.997895 -0.0118617 9.79398 -0.957334 -0.0578055 0.283144 162.293 
0.282438 0.0267093 0.958914 408.613 -0.0628441 0.99798 -0.0092873 9.78614 -0.957225 -0.057639 0.283546 162.551 
0.282915 0.0225886 0.958879 409.478 -0.0600249 0.99818 -0.00580426 9.79507 -0.957265 -0.0559145 0.283756 162.806 
0.284259 0.0181364 0.958576 410.357 -0.0575911 0.998339 -0.00181051 9.79825 -0.957016 -0.0546908 0.284831 163.049 
0.285515 0.0150017 0.958257 411.216 -0.0580278 0.998314 0.00166069 9.80008 -0.956616 -0.0560797 0.285904 163.329 
0.286657 0.00936661 0.957988 412.086 -0.0554951 0.998436 0.0068436 9.81162 -0.956425 -0.0551253 0.286728 163.584 
0.287613 0.00465493 0.957735 412.954 -0.0545689 0.998443 0.0115346 9.82833 -0.956191 -0.05558 0.28742 163.845 
0.287739 0.00740271 0.95768 413.822 -0.0584192 0.998244 0.00983599 9.86067 -0.955926 -0.0587771 0.287666 164.115 
0.287817 0.0105343 0.957628 414.697 -0.065365 0.997824 0.00866907 9.8791 -0.955452 -0.0650904 0.287879 164.38 
0.287742 0.0101817 0.957654 415.562 -0.0687647 0.997582 0.0100552 9.89982 -0.955236 -0.0687461 0.287747 164.653 
0.286997 0.0100596 0.957879 416.415 -0.06781 0.99765 0.00983971 9.90231 -0.955528 -0.0677777 0.287004 164.955 
0.286071 0.00785596 0.958176 417.242 -0.0643416 0.997867 0.0110283 9.91942 -0.956046 -0.0648054 0.285966 165.306 
0.287239 0.00726576 0.957831 418.112 -0.0616284 0.99804 0.0109107 9.94816 -0.955874 -0.0621636 0.287124 165.544 
0.287911 0.00574764 0.95764 418.978 -0.0622377 0.99798 0.0127218 9.97228 -0.955633 -0.063264 0.287687 165.801 
0.286566 0.00683023 0.958036 419.804 -0.0641682 0.997866 0.0120797 10.0203 -0.955909 -0.0649371 0.286393 166.133 
0.286814 0.00774793 0.957955 420.656 -0.0657811 0.997766 0.0116251 10.0392 -0.955725 -0.0663496 0.286683 166.38 
0.286539 0.00878639 0.958028 421.49 -0.066135 0.997754 0.0106297 10.0361 -0.955783 -0.066405 0.286476 166.637 
0.286349 0.00979411 0.958075 422.319 -0.0666583 0.997728 0.00972335 10.0549 -0.955804 -0.0666479 0.286352 166.891 
0.285211 0.008497 0.958427 423.135 -0.0681868 0.997607 0.0114469 10.0589 -0.956036 -0.0686168 0.285108 167.146 
0.284904 0.0075863 0.958526 423.962 -0.0700919 0.997457 0.0129391 10.0758 -0.95599 -0.0708713 0.284711 167.37 
0.28321 0.00731468 0.95903 424.748 -0.071698 0.997334 0.0135662 10.0856 -0.956374 -0.0726027 0.282979 167.647 
0.281169 0.00705175 0.959632 425.524 -0.0712784 0.997364 0.0135553 10.1114 -0.957007 -0.0722124 0.280931 167.931 
0.282293 0.00653259 0.959306 426.331 -0.0683611 0.997572 0.0133233 10.1158 -0.956889 -0.0693402 0.282054 168.039 
0.279895 0.00684327 0.960006 427.079 -0.0642769 0.997864 0.0116272 10.1323 -0.957876 -0.0649606 0.279737 168.332 
0.279018 0.00820995 0.960251 427.841 -0.0594803 0.998191 0.0087487 10.1424 -0.958442 -0.059557 0.279001 168.549 
0.277636 0.009085 0.960643 428.603 -0.0554673 0.998439 0.00658819 10.156 -0.959084 -0.0551134 0.277706 168.771 
0.276386 0.00943923 0.961 429.356 -0.0544355 0.9985 0.00584824 10.1718 -0.959504 -0.0539289 0.276486 169 
0.274229 0.0101628 0.961611 430.099 -0.0587785 0.998252 0.0062122 10.1878 -0.959866 -0.0582256 0.274347 169.253 
0.272082 0.0105914 0.962216 430.838 -0.0634765 0.997959 0.00696419 10.1959 -0.960178 -0.0629729 0.272199 169.508 
0.271305 0.00947835 0.962447 431.582 -0.0644633 0.997885 0.00834429 10.2064 -0.960332 -0.0643063 0.271343 169.72 
0.269196 0.00817322 0.963051 432.294 -0.062381 0.998012 0.00896707 10.2343 -0.961063 -0.06249 0.269171 169.99 
0.268998 0.00765502 0.96311 433.023 -0.0607657 0.998111 0.00903872 10.2369 -0.961222 -0.0609555 0.268955 170.208 
0.268516 0.00654585 0.963253 433.757 -0.0600401 0.998146 0.00995379 10.2431 -0.961402 -0.0605065 0.268411 170.417 
0.268008 0.00430535 0.963407 434.482 -0.0585881 0.998212 0.0118376 10.2744 -0.961633 -0.0596168 0.267782 170.645 
0.269114 0.00338458 0.963102 435.207 -0.0571127 0.99829 0.0124505 10.2944 -0.961413 -0.058356 0.268848 170.855 
0.26901 0.00189634 0.963136 435.954 -0.0555249 0.998365 0.0135428 10.3011 -0.961536 -0.0571212 0.268675 171.063 
0.270303 0.00364922 0.962768 436.683 -0.0542121 0.998464 0.0114359 10.3179 -0.961248 -0.0552848 0.270086 171.229 
0.270428 0.00286942 0.962736 437.423 -0.0535967 0.99849 0.0120791 10.3446 -0.961247 -0.054866 0.270173 171.418 
0.27137 0.00298288 0.96247 438.166 -0.0546829 0.998428 0.0123236 10.3618 -0.96092 -0.0559749 0.271106 171.622 
0.271753 0.00188353 0.962365 438.905 -0.0561987 0.998323 0.0139155 10.3697 -0.960725 -0.0578653 0.271403 171.848 
0.27342 0.00067309 0.961895 439.652 -0.058557 0.998157 0.0159465 10.3512 -0.960111 -0.0606857 0.272955 172.04 
0.274587 -0.00111318 0.961562 440.376 -0.0613354 0.997943 0.0186704 10.3526 -0.959604 -0.0641044 0.273954 172.261 
0.275806 -0.0014446 0.961212 441.08 -0.0628307 0.997833 0.019528 10.3658 -0.959158 -0.0657796 0.275118 172.485 
0.277373 0.000564557 0.960762 441.791 -0.0628997 0.997865 0.0175728 10.3784 -0.958701 -0.0653059 0.276816 172.702 
0.278608 0.00295785 0.9604 442.49 -0.0612184 0.998016 0.0146855 10.4009 -0.958452 -0.0628857 0.278237 172.93 
0.280869 0.00333414 0.95974 443.173 -0.0606651 0.998056 0.0142865 10.4139 -0.957827 -0.0622353 0.280526 173.13 
0.283009 0.00460896 0.959106 443.85 -0.0615792 0.998013 0.0133746 10.4197 -0.957138 -0.0628461 0.28273 173.32 
0.284425 0.00566955 0.958682 444.52 -0.0631184 0.997924 0.0128246 10.4305 -0.956618 -0.0641581 0.284192 173.523 
0.285851 0.00624924 0.958254 445.186 -0.0649437 0.997806 0.0128658 10.4358 -0.956071 -0.0659103 0.28563 173.718 
0.286344 0.00679198 0.958103 445.817 -0.0656765 0.997762 0.0125553 10.4381 -0.955873 -0.0665199 0.28615 173.934 
0.287581 0.0068934 0.957732 446.458 -0.0656585 0.997763 0.0125339 10.4511 -0.955503 -0.0664877 0.28739 174.128 
0.288782 0.0064086 0.957373 447.105 -0.064864 0.997811 0.0128863 10.4821 -0.955195 -0.0658204 0.288566 174.314 
0.288955 0.00763166 0.957312 447.692 -0.0647916 0.997831 0.0116021 10.4991 -0.955148 -0.0653783 0.288823 174.523 
0.289855 0.00642271 0.957049 448.295 -0.065057 0.997797 0.0130072 10.4875 -0.954857 -0.0660329 0.289635 174.721 
0.29125 0.00651701 0.956625 448.908 -0.0647065 0.997821 0.0129026 10.5005 -0.954456 -0.0656577 0.291037 174.896 
0.293363 0.00851709 0.955963 449.485 -0.0641003 0.997885 0.0107803 10.5138 -0.95385 -0.0644401 0.293289 175.046 
0.293369 0.0091996 0.955955 450.058 -0.0646377 0.997856 0.0102335 10.5022 -0.953812 -0.0647929 0.293334 175.27 
0.293602 0.0107003 0.955868 450.597 -0.0642444 0.997897 0.00856233 10.5286 -0.953767 -0.0639231 0.293672 175.445 
0.295474 0.0108934 0.955289 451.153 -0.0644476 0.997884 0.00855475 10.5323 -0.953174 -0.0640938 0.295551 175.603 
0.295194 0.0140893 0.955334 451.687 -0.065928 0.997808 0.00565572 10.5419 -0.95316 -0.0646528 0.295476 175.787 
0.295609 0.0156956 0.95518 452.215 -0.0669813 0.997745 0.00433437 10.5539 -0.952958 -0.0652605 0.295994 175.96 
0.296222 0.0159526 0.954986 452.731 -0.0680402 0.997673 0.00443935 10.5602 -0.952693 -0.0662924 0.296618 176.137 
0.296551 0.0147504 0.954903 453.233 -0.0682619 0.997651 0.00578842 10.5572 -0.952574 -0.0669001 0.296861 176.314 
0.297056 0.0144805 0.95475 453.73 -0.067115 0.997729 0.00574951 10.5512 -0.952498 -0.065786 0.297353 176.481 
0.297216 0.0161358 0.954674 454.205 -0.0647383 0.997897 0.00328844 10.5515 -0.952613 -0.0627814 0.297635 176.644 
0.296134 0.0185506 0.954966 454.663 -0.061672 0.998096 -0.000263988 10.58 -0.953153 -0.0588165 0.296714 176.833 
0.297024 0.0193679 0.954674 455.131 -0.0599859 0.998198 -0.00158774 10.5881 -0.952984 -0.0567954 0.297651 176.981 
0.296745 0.0166448 0.954812 455.578 -0.0588216 0.998268 0.000878743 10.5913 -0.953143 -0.0564243 0.297211 177.131 
0.297142 0.0156165 0.954706 456.02 -0.0583379 0.998295 0.00182754 10.5944 -0.95305 -0.0562386 0.297546 177.272 
0.296476 0.0156386 0.954912 456.449 -0.0601692 0.998185 0.00233373 10.5821 -0.953143 -0.0581482 0.296879 177.412 
0.29602 0.0170252 0.95503 456.874 -0.0631331 0.998004 0.00177738 10.5583 -0.953093 -0.0608202 0.296504 177.529 
0.295207 0.0174135 0.955275 457.291 -0.0642191 0.997934 0.00165436 10.5546 -0.953273 -0.0618353 0.295715 177.648 
0.293132 0.0178883 0.955905 457.668 -0.0642568 0.997933 0.00102987 10.5708 -0.95391 -0.0617253 0.293676 177.79 
0.291749 0.0167904 0.956347 458.044 -0.0651146 0.997875 0.00234477 10.5639 -0.954276 -0.0629563 0.292223 177.92 
0.289825 0.0174488 0.956921 458.406 -0.0650249 0.997883 0.00149852 10.5777 -0.954868 -0.062658 0.290346 178.055 
0.290248 0.0171755 0.956797 458.766 -0.0659877 0.997818 0.00210571 10.5723 -0.954674 -0.063748 0.290748 178.137 
0.287769 0.0170141 0.957549 459.104 -0.0662906 0.997798 0.00219284 10.5879 -0.955403 -0.0641075 0.288263 178.285 
0.287207 0.016083 0.957733 459.445 -0.0658907 0.997822 0.00300328 10.603 -0.955599 -0.0639683 0.287642 178.373 
0.284962 0.0167234 0.958393 459.761 -0.0661121 0.99781 0.00224609 10.62 -0.956256 -0.0640014 0.285444 178.496 
0.284016 0.0182002 0.958647 460.076 -0.0668206 0.997765 0.000853937 10.621 -0.956488 -0.0642999 0.284598 178.591 
0.282037 0.0195246 0.959205 460.374 -0.0671822 0.997741 -0.000555312 10.6268 -0.957048 -0.0642848 0.282712 178.704 
0.281052 0.0192234 0.9595 460.672 -0.0669649 0.997755 -0.000374856 10.6247 -0.957353 -0.0641475 0.281708 178.788 
0.2786 0.0176472 0.960245 460.944 -0.0648139 0.997897 0.00046564 10.6513 -0.958218 -0.062367 0.279158 178.907 
0.275611 0.0165183 0.961127 461.215 -0.0633689 0.99799 0.00101967 10.6592 -0.959178 -0.0611866 0.276104 179.024 
0.275216 0.0154891 0.961258 461.495 -0.0628836 0.998019 0.00192267 10.6642 -0.959324 -0.0609765 0.275645 179.109 
0.273638 0.0157461 0.961704 461.761 -0.0634489 0.997984 0.00171331 10.6718 -0.959738 -0.0614879 0.274086 179.222 
0.274254 0.0166073 0.961514 462.037 -0.0641249 0.997941 0.00105394 10.6768 -0.959517 -0.0619461 0.274754 179.302 
0.274398 0.0175597 0.961456 462.301 -0.0649389 0.997889 0.000308312 10.6715 -0.959421 -0.0625204 0.274959 179.406 
0.275183 0.0190431 0.961203 462.567 -0.0656192 0.997844 -0.000982881 10.6781 -0.95915 -0.0628029 0.275839 179.496 
0.276853 0.0202923 0.960698 462.835 -0.0659917 0.997818 -0.00205897 10.6803 -0.958644 -0.062828 0.277588 179.579 
0.279515 0.0207091 0.959918 463.101 -0.0661062 0.99781 -0.00227741 10.6809 -0.957863 -0.0628199 0.280272 179.665 
0.283555 0.0204401 0.958738 463.37 -0.0657756 0.997833 -0.00181991 10.6794 -0.956697 -0.0625455 0.284285 179.746 
0.2888 0.0205621 0.957169 463.638 -0.0655647 0.997847 -0.00165357 10.6772 -0.955142 -0.0622789 0.289526 179.84 
0.299657 0.0219955 0.953793 463.919 -0.0666514 0.997774 -0.00206958 10.6364 -0.951716 -0.0629515 0.300456 179.844 
0.308766 0.0232546 0.950854 464.195 -0.0666554 0.997772 -0.00275736 10.6281 -0.9488 -0.0625282 0.309628 179.955 
0.321572 0.0245653 0.946566 464.488 -0.0657225 0.997832 -0.00356814 10.6279 -0.944601 -0.0610633 0.322489 180 
0.333546 0.0237999 0.942434 464.768 -0.0645404 0.997912 -0.00235887 10.6363 -0.940522 -0.0600382 0.334385 180.108 
0.348774 0.0250681 0.936872 465.061 -0.064911 0.997888 -0.00253602 10.632 -0.934956 -0.0599288 0.349664 180.214 
0.363193 0.0277525 0.931301 465.339 -0.0641993 0.997926 -0.00470113 10.6446 -0.929499 -0.0580815 0.364221 180.372 
0.379963 0.0321559 0.924443 465.627 -0.0641081 0.997908 -0.00836168 10.6492 -0.922777 -0.0560871 0.38123 180.521 
0.399092 0.0328645 0.916322 465.908 -0.061684 0.998056 -0.00893031 10.6523 -0.914834 -0.0529584 0.400343 180.662 
0.41999 0.0337426 0.906901 466.212 -0.0582973 0.998248 -0.0101435 10.6635 -0.905654 -0.0486097 0.421222 180.773 
0.440447 0.0336568 0.897147 466.497 -0.0551507 0.998424 -0.0103805 10.6795 -0.896083 -0.0449062 0.441609 180.924 
0.459779 0.0391458 0.88717 466.752 -0.0551303 0.998359 -0.0154805 10.6904 -0.886321 -0.0417924 0.461182 181.098 
0.474109 0.0434493 0.879393 467.015 -0.0543637 0.998321 -0.020016 10.6863 -0.878786 -0.0383173 0.475675 181.261 
0.481826 0.0498177 0.874849 467.291 -0.0548848 0.998138 -0.0266103 10.6885 -0.874546 -0.0351944 0.483663 181.388 
0.481636 0.0526082 0.874791 467.55 -0.0574837 0.997943 -0.0283654 10.6407 -0.874484 -0.0366245 0.483669 181.517 
0.476764 0.0542016 0.877359 467.797 -0.0583434 0.997847 -0.0299409 10.6299 -0.877093 -0.0369134 0.4789 181.657 
0.468381 0.0539899 0.881875 468.043 -0.0583659 0.997842 -0.0300903 10.6236 -0.881597 -0.0373778 0.470521 181.771 
0.456318 0.0518002 0.888308 468.299 -0.057886 0.997918 -0.0284563 10.605 -0.887932 -0.0384355 0.458366 181.85 
0.445815 0.0470041 0.89389 468.529 -0.0549574 0.998174 -0.0250785 10.6046 -0.893436 -0.0379455 0.447584 181.882 
0.428119 0.0431061 0.902694 468.805 -0.0543325 0.998283 -0.0219025 10.584 -0.902088 -0.0396688 0.429726 181.971 
0.409652 0.0422578 0.911263 469.065 -0.0561166 0.998202 -0.0210625 10.5337 -0.910514 -0.0425087 0.411287 182.013 
0.387017 0.043138 0.921063 469.31 -0.0583577 0.998048 -0.0222225 10.5138 -0.920224 -0.0451506 0.38878 182.129 
0.364989 0.0447549 0.929935 469.558 -0.0608821 0.997853 -0.024128 10.4995 -0.929019 -0.0478099 0.36693 182.224 
0.344137 0.0439045 0.937893 469.825 -0.0616348 0.997808 -0.0240939 10.5012 -0.936894 -0.0495153 0.346088 182.32 
0.325056 0.0406239 0.944822 470.097 -0.0619256 0.997847 -0.0215989 10.4807 -0.943665 -0.0514878 0.326872 182.405 
0.308082 0.0361672 0.950672 470.365 -0.0609244 0.997976 -0.0182232 10.4691 -0.949407 -0.0523049 0.309662 182.474 
0.291498 0.0330714 0.955999 470.637 -0.0596965 0.998083 -0.0163249 10.4819 -0.954707 -0.0523111 0.292914 182.565 
0.27805 0.0328455 0.960005 470.912 -0.0593075 0.998095 -0.0169713 10.4959 -0.958734 -0.0522166 0.279469 182.648 
0.267068 0.0324905 0.96313 471.175 -0.0614702 0.997971 -0.0166207 10.49 -0.961715 -0.0547649 0.268523 182.721 
0.257548 0.0312558 0.96576 471.44 -0.0636754 0.997853 -0.0153136 10.4914 -0.964165 -0.0575512 0.258986 182.793 
0.250866 0.0299564 0.967558 471.686 -0.0647345 0.997803 -0.0141086 10.4859 -0.965855 -0.059095 0.252254 182.844 
0.248146 0.0289407 0.96829 471.926 -0.0639966 0.99786 -0.0134239 10.4863 -0.966606 -0.0586362 0.249467 182.91 
0.250033 0.0289733 0.967804 472.164 -0.0634796 0.997892 -0.013474 10.4846 -0.966154 -0.0580669 0.251345 182.988 
0.255694 0.0275997 0.966364 472.381 -0.0635125 0.997913 -0.0116957 10.4854 -0.964669 -0.0583856 0.256913 183.061 
0.266114 0.0257187 0.963598 472.594 -0.0635929 0.997935 -0.00907292 10.4825 -0.961842 -0.0588636 0.2672 183.114 
0.278232 0.0280258 0.960105 472.802 -0.0653424 0.997811 -0.0101907 10.4736 -0.958289 -0.0599002 0.279454 183.182 
0.290919 0.0334243 0.956164 472.985 -0.0660641 0.997706 -0.014776 10.4702 -0.954464 -0.0588695 0.29246 183.263 
0.305251 0.0380925 0.95151 473.151 -0.0667571 0.997597 -0.0185214 10.4536 -0.949929 -0.0578664 0.30706 183.329 
0.319519 0.0413479 0.946677 473.317 -0.0678775 0.99748 -0.020657 10.4495 -0.945145 -0.0576577 0.321521 183.398 
0.334623 0.0431231 0.941365 473.48 -0.0709061 0.997273 -0.0204795 10.4407 -0.939681 -0.0598955 0.336768 183.468 
0.350243 0.0414319 0.935742 473.613 -0.0709966 0.997322 -0.0175849 10.442 -0.933964 -0.0602756 0.352246 183.53 
0.36619 0.0320672 0.929987 473.752 -0.0644937 0.997877 -0.00901326 10.4364 -0.928302 -0.0566777 0.367481 183.57 
0.380496 0.0273942 0.924377 473.859 -0.0578407 0.998309 -0.00577653 10.4313 -0.922972 -0.0512686 0.381437 183.645 
0.397472 0.0284398 0.917173 473.976 -0.0555786 0.998431 -0.00687351 10.4285 -0.91593 -0.0482431 0.398429 183.694 
0.411285 0.0370423 0.910754 474.072 -0.0599181 0.998112 -0.0135371 10.4267 -0.909535 -0.0490031 0.412727 183.769 
0.424 0.0428349 0.904648 474.165 -0.0643119 0.997783 -0.0171024 10.4265 -0.903376 -0.0509282 0.425815 183.856 
0.437121 0.044984 0.898277 474.253 -0.0659332 0.997664 -0.0178766 10.4316 -0.896983 -0.051412 0.439066 183.918 
0.449122 0.0448784 0.892342 474.337 -0.0660498 0.997673 -0.0169324 10.4347 -0.891026 -0.0513343 0.451041 183.973 
0.461493 0.0450981 0.885997 474.423 -0.0662428 0.997671 -0.0162782 10.4339 -0.884667 -0.0511786 0.463406 184.026 
0.473403 0.045654 0.879662 474.505 -0.066139 0.997679 -0.0161853 10.439 -0.878359 -0.0505178 0.475324 184.073 
0.484028 0.0450812 0.87389 474.579 -0.0662128 0.997696 -0.0147941 10.4422 -0.872544 -0.050702 0.485898 184.124 
0.49478 0.0444579 0.86788 474.501 -0.0674567 0.997642 -0.0126479 10.446 -0.866396 -0.0522864 0.496612 184.093 
0.502048 0.0466176 0.863583 474.56 -0.0690106 0.997521 -0.0137282 10.4432 -0.862082 -0.0527041 0.50402 184.141 
0.509274 0.0531781 0.85896 474.515 -0.0709533 0.997286 -0.0196739 10.4466 -0.857675 -0.0509266 0.511665 184.092 
0.51838 0.0625399 0.85286 474.555 -0.0732376 0.996905 -0.0285878 10.4409 -0.852008 -0.0476421 0.521356 184.143 
0.16009 0.0124408 -0.987024 474.589 0.171573 -0.985051 0.0154125 10.4381 -0.972077 -0.171814 -0.159832 184.187 
0.168223 0.0147032 -0.985639 474.539 0.17178 -0.985027 0.0146243 10.4379 -0.970666 -0.171773 -0.16823 184.162 
0.175283 0.0210872 -0.984292 474.489 0.170142 -0.985377 0.00918857 10.4369 -0.969705 -0.169081 -0.176307 184.14 
0.17901 0.0267033 -0.983485 474.435 0.168375 -0.985715 0.00388297 10.4323 -0.969332 -0.166289 -0.180949 184.141 
0.183794 0.0283284 -0.982556 474.386 0.166999 -0.985953 0.00281212 10.4324 -0.968675 -0.164603 -0.185944 184.134 
0.19047 0.0268309 -0.981326 474.344 0.167258 -0.985898 0.00550795 10.4194 -0.96734 -0.165183 -0.192272 184.139 
0.19996 0.0233205 -0.979527 474.314 0.167582 -0.9858 0.0107401 10.4162 -0.965367 -0.166298 -0.201028 184.11 
0.203829 0.0203792 -0.978794 474.275 0.167381 -0.985788 0.0143314 10.4164 -0.964592 -0.166753 -0.204343 184.117 
